0.675839 -0.221109 
-0.544258 -0.513276 
0.522613 -0.499236 
0.490090 -0.346473 
0.503470 -0.432488 
0.606569 -0.143063 
-0.507774 -0.543210 
-0.660941 -0.149509 
0.690794 -0.006358 
-0.648933 -0.273169 
0.179831 -0.610282 
-0.028307 -0.736441 
0.578503 -0.153716 
-0.457874 -0.421104 
-0.258469 -0.601992 
-0.228024 -0.606789 
0.592492 -0.451674 
-0.600246 -0.224726 
-0.212449 -0.713224 
0.257251 -0.547049 
0.003279 -0.663010 
-0.602401 -0.250189 
0.214823 -0.604513 
-0.559074 -0.258698 
-0.396174 -0.570492 
-0.205149 -0.638187 
-0.166679 -0.626752 
-0.405693 -0.630479 
-0.112603 -0.730596 
0.141431 -0.689033 
0.678343 -0.085863 
-0.331533 -0.627022 
0.631037 -0.207147 
-0.688902 -0.022240 
0.691443 -0.083345 
0.123810 -0.576681 
0.601411 -0.296207 
-0.153059 -0.621831 
-0.163866 -0.605984 
-0.355306 -0.478608 
-0.421807 -0.518605 
0.510532 -0.439750 
0.523659 -0.406338 
-0.014305 -0.600948 
0.051144 -0.685613 
0.111144 -0.660613 
-0.460303 -0.529070 
0.059607 -0.685598 
0.598946 -0.384541 
0.641697 -0.364000 
0.619409 -0.337012 
-0.586247 -0.221174 
-0.543710 -0.301484 
-0.616964 -0.066291 
-0.522818 -0.345207 
-0.585685 -0.278288 
0.359053 -0.571160 
0.384272 -0.477218 
0.655388 -0.074647 
0.589446 -0.073293 
0.095469 -0.635980 
-0.442771 -0.591430 
0.645758 -0.050463 
0.224144 -0.693308 
-0.597113 -0.030097 
0.667886 -0.317393 
0.169638 -0.727226 
0.163602 -0.675287 
0.384556 -0.634395 
0.135000 -0.599901 
-0.599450 -0.431387 
0.575086 -0.149186 
0.713588 -0.073622 
0.636656 -0.255234 
0.374576 -0.469498 
0.583201 -0.139659 
-0.188787 -0.701158 
-0.524046 -0.463943 
0.457073 -0.387033 
-0.705319 -0.079903 
0.570623 -0.157816 
-0.632448 -0.176070 
0.667284 -0.190006 
-0.027581 -0.632971 
0.340602 -0.612124 
-0.216434 -0.619663 
-0.451314 -0.578331 
-0.402672 -0.532878 
-0.608477 -0.037126 
-0.267464 -0.634350 
0.623403 -0.071622 
0.150337 -0.567771 
-0.603906 -0.241890 
0.227380 -0.632676 
-0.227999 -0.572752 
0.483611 -0.316547 
0.078562 -0.631139 
-0.209811 -0.552154 
0.106353 -0.676914 
-0.062960 -0.679481 
-0.049312 -0.683481 
-0.653656 -0.046968 
0.141188 -0.652846 
0.068160 -0.699952 
0.286697 -0.688109 
-0.549345 -0.370567 
-0.095862 -0.726198 
-0.575681 -0.449372 
0.579363 -0.175700 
0.676766 -0.236733 
0.447574 -0.476493 
-0.228884 -0.645270 
0.432275 -0.586420 
-0.635845 -0.110129 
-0.677398 -0.071310 
-0.193078 -0.708349 
-0.743292 -0.032324 
0.725859 -0.031429 
-0.570297 -0.099766 
0.199217 -0.666848 
-0.607854 -0.214922 
-0.353708 -0.624934 
-0.724159 -0.182068 
-0.424849 -0.534222 
-0.649410 -0.215404 
0.526180 -0.476864 
0.385771 -0.470882 
-0.706924 -0.077417 
-0.346796 -0.557724 
0.706167 -0.021998 
0.230855 -0.650723 
0.131947 -0.707313 
0.624397 -0.172188 
0.258192 -0.657030 
-0.141455 -0.627656 
-0.637022 -0.093266 
0.068063 -0.703497 
-0.328643 -0.587480 
0.243765 -0.688174 
0.015407 -0.683021 
0.264331 -0.667536 
-0.258733 -0.576659 
0.584070 -0.046821 
-0.278974 -0.551102 
-0.714382 -0.195981 
0.487654 -0.425593 
-0.404602 -0.564801 
0.158691 -0.646674 
-0.020435 -0.674307 
-0.380634 -0.603567 
-0.007316 -0.598848 
0.440686 -0.550282 
-0.125069 -0.687010 
-0.490953 -0.327653 
0.199086 -0.641665 
0.524394 -0.242636 
-0.427333 -0.567817 
0.364610 -0.547910 
0.517544 -0.362129 
0.428744 -0.451338 
0.487918 -0.502717 
-0.264082 -0.602789 
-0.265122 -0.665196 
0.487580 -0.559373 
-0.441408 -0.589506 
0.529217 -0.234806 
0.007831 -0.712804 
0.472948 -0.363553 
-0.068925 -0.581335 
-0.283438 -0.691230 
0.572910 -0.175070 
0.641972 -0.006686 
0.488698 -0.481104 
-0.650675 -0.258777 
0.518148 -0.329943 
0.656289 -0.351939 
0.526655 -0.514471 
0.586966 -0.184033 
-0.210195 -0.703179 
0.247988 -0.586833 
0.266271 -0.645855 
0.604587 -0.228053 
0.639127 -0.209887 
-0.249243 -0.707342 
-0.065945 -0.709803 
0.331423 -0.472020 
0.270994 -0.683292 
0.684203 -0.089035 
0.378402 -0.445717 
0.482759 -0.426462 
-0.287438 -0.566466 
-0.001837 -0.644103 
-0.522223 -0.466797 
0.440520 -0.586495 
0.479351 -0.359952 
0.243341 -0.570728 
-0.022298 -0.683360 
0.189458 -0.651578 
0.576259 -0.187631 
0.375692 -0.521583 
0.142042 -0.672802 
-0.352780 -0.464985 
0.468071 -0.357069 
-0.213674 -0.700323 
-0.698729 -0.129820 
-0.194016 -0.644091 
0.628713 -0.293853 
0.565856 -0.489347 
-0.570241 -0.464187 
-0.577587 -0.260992 
-0.388329 -0.546173 
0.032328 -0.635916 
-0.332704 -0.507522 
0.617505 -0.348395 
0.583863 -0.248248 
-0.045694 -0.656957 
0.602429 -0.040759 
-0.443783 -0.378085 
-0.309665 -0.541644 
-0.591695 -0.075841 
0.591355 -0.203082 
-0.230547 -0.555836 
-0.618139 -0.051903 
-0.413663 -0.506386 
-0.087071 -0.636108 
-0.517139 -0.253603 
-0.616941 -0.166626 
-0.600040 -0.173321 
-0.273981 -0.607129 
0.541903 -0.341519 
0.087784 -0.630126 
0.287635 -0.616538 
0.609530 -0.108803 
0.149794 -0.684786 
0.013433 -0.660238 
-0.596145 -0.444868 
-0.620112 -0.226194 
0.621177 -0.186666 
-0.539907 -0.311203 
0.599978 -0.087725 
-0.597932 -0.089677 
-0.420214 -0.600244 
-0.411669 -0.533120 
-0.610591 -0.082411 
0.721554 -0.010556 
0.393790 -0.632873 
-0.587378 -0.368944 
-0.495555 -0.544853 
-0.123217 -0.667517 
-0.479353 -0.385308 
-0.145154 -0.712651 
-0.678674 -0.151398 
-0.167814 -0.649428 
-0.329959 -0.621738 
-0.579372 -0.275816 
0.559242 -0.472106 
0.537404 -0.451111 
0.288235 -0.604448 
0.635740 -0.086171 
-0.188867 -0.719350 
0.112333 -0.633853 
0.555766 -0.240171 
-0.646905 -0.011291 
-0.590544 -0.177657 
0.352608 -0.617808 
0.269239 -0.697922 
-0.586530 -0.349361 
-0.371785 -0.576391 
0.471692 -0.446460 
-0.266730 -0.558892 
-0.502174 -0.470987 
-0.548708 -0.458694 
-0.682012 -0.301615 
0.608927 -0.239489 
-0.628803 -0.332300 
-0.564262 -0.240219 
0.040307 -0.608902 
0.663421 -0.295977 
0.103220 -0.729966 
0.629866 -0.120312 
-0.143760 -0.702574 
0.396039 -0.445242 
-0.570433 -0.252564 
0.613135 -0.024828 
0.712531 -0.146209 
0.623696 -0.048073 
-0.529914 -0.272164 
-0.578438 -0.314466 
0.633145 -0.349892 
-0.618807 -0.404423 
-0.370628 -0.460925 
-0.293926 -0.591770 
0.054013 -0.684018 
-0.591934 -0.258041 
0.487882 -0.520798 
0.596796 -0.334052 
-0.584509 -0.128505 
0.535050 -0.481670 
-0.547845 -0.367057 
-0.715699 -0.088174 
-0.458578 -0.419081 
-0.456878 -0.511319 
0.601598 -0.208334 
0.504042 -0.425335 
0.619345 -0.171448 
0.686388 -0.082009 
0.398797 -0.477622 
-0.667152 -0.084498 
-0.656176 -0.025095 
0.501333 -0.302551 
-0.180539 -0.572523 
0.176675 -0.642060 
0.048927 -0.682597 
-0.488483 -0.388315 
0.270309 -0.610827 
-0.596558 -0.167325 
0.408973 -0.499432 
-0.634323 -0.395100 
0.353550 -0.456813 
-0.642500 -0.384738 
-0.259561 -0.700600 
0.098150 -0.661651 
0.513711 -0.493364 
-0.091711 -0.617874 
-0.267870 -0.521536 
0.623382 -0.195033 
-0.058347 -0.636058 
-0.104430 -0.727241 
-0.723407 -0.014122 
0.330938 -0.585902 
-0.488275 -0.512888 
-0.581670 -0.014491 
0.683310 -0.203852 
-0.208368 -0.635467 
-0.024231 -0.678685 
0.483420 -0.350482 
-0.595668 -0.029726 
0.593633 -0.116411 
0.475621 -0.393211 
-0.138027 -0.670183 
-0.463433 -0.352961 
0.661636 -0.218736 
-0.043454 -0.725683 
-0.642778 -0.290799 
0.317531 -0.496915 
0.382373 -0.454335 
0.485186 -0.331741 
0.476021 -0.525420 
0.687129 -0.259815 
0.547624 -0.401188 
0.572757 -0.180758 
0.132224 -0.619179 
0.496604 -0.325560 
0.472569 -0.561019 
0.422702 -0.438477 
0.705763 -0.214800 
-0.123045 -0.621321 
-0.138347 -0.572272 
0.411058 -0.543048 
0.177737 -0.680144 
-0.596372 -0.090212 
0.089917 -0.584231 
0.588315 -0.257027 
0.073220 -0.661207 
0.205264 -0.690147 
0.556830 -0.464502 
0.375184 -0.542145 
-0.666616 -0.304299 
0.622928 -0.136806 
-0.185820 -0.590590 
0.363596 -0.446511 
0.682114 -0.186438 
-0.161164 -0.594153 
0.640988 -0.070585 
-0.732306 -0.043731 
0.019454 -0.575699 
0.393309 -0.478440 
-0.709569 -0.095518 
0.475851 -0.577436 
-0.627214 -0.364536 
0.193003 -0.554747 
-0.584773 -0.064592 
0.645367 -0.182902 
-0.424899 -0.582058 
-0.322922 -0.577558 
-0.570339 -0.207982 
-0.696189 -0.028183 
0.587276 -0.416399 
-0.731094 -0.029319 
0.344823 -0.497897 
-0.704219 -0.042388 
0.441621 -0.426455 
-0.624896 -0.382947 
0.435242 -0.607940 
0.103077 -0.599028 
0.603164 -0.270419 
0.053082 -0.684200 
0.545632 -0.402793 
-0.653582 -0.208836 
0.626775 -0.099687 
-0.678594 -0.114222 
-0.517340 -0.416591 
-0.541945 -0.380682 
-0.395334 -0.479849 
-0.659953 -0.188242 
0.142868 -0.656905 
0.674221 -0.125488 
0.174403 -0.674130 
0.650065 -0.263271 
0.575006 -0.127581 
0.638865 -0.380750 
-0.636671 -0.376063 
-0.116401 -0.599656 
0.522686 -0.512729 
0.133985 -0.589973 
-0.568258 -0.148438 
0.557172 -0.149675 
0.304235 -0.640420 
-0.531251 -0.414818 
0.029637 -0.654218 
0.354065 -0.571326 
-0.577723 -0.063477 
-0.484932 -0.541588 
0.133987 -0.734465 
0.043828 -0.583761 
-0.303098 -0.559739 
0.008086 -0.581587 
0.320076 -0.484415 
-0.172335 -0.688947 
-0.613630 -0.110541 
0.198573 -0.650074 
0.706425 -0.168242 
-0.594378 -0.138128 
-0.677160 -0.074882 
0.478278 -0.361156 
-0.488269 -0.391182 
0.470687 -0.458816 
0.044403 -0.725390 
0.013817 -0.685268 
-0.540239 -0.439219 
-0.523725 -0.383554 
0.045623 -0.630058 
-0.376287 -0.645507 
-0.158279 -0.600349 
-0.622462 -0.203005 
0.310851 -0.633837 
-0.503039 -0.297451 
0.558335 -0.164491 
-0.319668 -0.642348 
0.102482 -0.589387 
-0.463761 -0.380712 
-0.590359 -0.219329 
0.665609 -0.136162 
-0.308613 -0.554558 
0.676207 -0.185146 
-0.346869 -0.524935 
0.713873 -0.228369 
-0.720973 -0.154287 
0.102202 -0.681592 
0.359250 -0.502452 
0.221243 -0.620689 
-0.393064 -0.424125 
0.317387 -0.587095 
0.679103 -0.018430 
0.632507 -0.116063 
0.322941 -0.650184 
0.123005 -0.723116 
0.426218 -0.439478 
0.019614 -0.677378 
0.181999 -0.658464 
-0.318891 -0.663586 
0.367053 -0.546458 
-0.231468 -0.579275 
0.180495 -0.586851 
0.733062 -0.062772 
-0.616606 -0.380919 
0.697909 -0.133730 
-0.280242 -0.613953 
0.639414 -0.019893 
0.250209 -0.629907 
0.502433 -0.510605 
-0.737518 -0.009378 
0.150834 -0.679198 
-0.499561 -0.353984 
-0.701318 -0.102027 
-0.685242 -0.074955 
0.693380 -0.158465 
-0.150800 -0.561804 
-0.303473 -0.494482 
0.574958 -0.139807 
0.556307 -0.203695 
0.428174 -0.563763 
0.594592 -0.447998 
0.395603 -0.446169 
-0.069877 -0.745238 
-0.117916 -0.676176 
-0.238279 -0.595109 
-0.532754 -0.237198 
0.298978 -0.544214 
0.621544 -0.168942 
