1.158298 0.613937 
1.377077 0.058263 
-1.044622 -1.055630 
1.118368 0.455610 
0.700170 1.329269 
1.522522 0.395424 
-1.378594 0.678167 
0.743791 -1.086453 
-0.446414 1.170552 
1.201436 -0.316720 
1.615906 -0.048983 
1.310533 0.015184 
-1.056910 0.707426 
-1.353739 -0.322331 
1.066470 -1.149703 
1.205125 -0.191556 
-0.983052 -1.220983 
0.682635 -1.072802 
-0.775571 1.133638 
1.378794 -0.622779 
1.124880 0.690403 
-0.936049 -0.757273 
1.212461 -0.917471 
0.693536 1.436877 
-1.431213 0.174013 
1.312601 0.264383 
1.222481 -0.647968 
0.656274 1.455484 
0.533069 -1.407356 
0.407830 -1.510851 
0.801234 1.057348 
-1.363510 -0.192058 
0.925341 1.193548 
0.738731 1.284941 
-1.066648 0.930361 
1.257295 -0.060014 
0.077775 1.584052 
-1.089287 0.669074 
-0.554214 -1.530613 
1.115457 -0.668662 
1.553719 -0.246210 
0.620070 -1.444528 
-0.754033 -0.855466 
-0.113432 1.233137 
0.672538 -1.173943 
1.299590 0.463617 
-0.790783 -0.946571 
1.052465 -0.641086 
-1.352471 0.786884 
0.388473 1.307222 
-0.936048 1.106560 
0.256955 -1.380845 
1.289922 -0.659516 
-1.177928 -0.292688 
-1.542730 -0.324518 
-1.092329 0.915824 
1.432467 -0.605514 
-1.397045 -0.646001 
0.302152 -1.588069 
-0.394530 -1.469159 
-0.804411 1.313649 
-0.572295 1.402650 
-1.171221 0.076281 
0.895579 -1.127549 
1.228961 -0.689415 
0.970547 -0.991841 
0.142495 1.429976 
-1.548837 -0.466518 
-0.057147 1.434304 
0.487990 1.493119 
-0.314321 1.411255 
1.141103 -0.491557 
0.110337 1.413362 
-1.057893 0.544633 
-0.678069 -0.971865 
0.963416 -0.859705 
-1.032011 0.814465 
0.811361 -1.395253 
-1.391361 0.756611 
-0.712099 0.917972 
1.265720 0.864851 
0.382438 1.086188 
0.304842 1.215765 
-0.637636 1.094833 
-1.504054 0.500799 
-0.366803 -1.307525 
0.371096 1.306304 
-1.151454 -0.846058 
-1.193743 -0.759871 
-0.063642 1.345466 
0.517769 1.435336 
-0.999337 -0.677758 
1.291465 0.135628 
1.504609 -0.536261 
0.267959 -1.481032 
1.381619 -0.612558 
0.368468 -1.501628 
0.369087 -1.208332 
0.907350 -1.071445 
1.196141 -0.170341 
1.498396 -0.444134 
-1.017706 0.521298 
-0.571183 -1.411860 
0.311704 1.477279 
0.087008 -1.469913 
-0.497480 1.049757 
-1.076787 0.744852 
0.480273 1.059077 
0.218225 1.237836 
1.073962 1.187230 
-0.016841 1.285646 
0.979829 -1.237109 
-1.077346 -1.143602 
-0.899112 0.826428 
-1.364580 0.132359 
1.047283 -0.781349 
-0.925750 0.837313 
-0.709603 0.972076 
1.518203 -0.397663 
-0.710527 -1.460909 
-0.369753 1.177287 
-0.703788 -1.330819 
-1.030544 1.030169 
-0.351508 -1.159812 
1.484819 0.583497 
-0.408226 1.479635 
1.479166 0.616193 
1.020215 -0.582597 
-1.434441 -0.755241 
-1.532843 0.224633 
1.188454 -0.369146 
1.337399 -0.039082 
-0.330754 -1.221415 
0.550809 1.153797 
1.278607 -0.157663 
0.756918 -1.369104 
-0.991812 1.163373 
-1.606885 0.154113 
0.391868 1.178691 
0.575994 1.010530 
0.675280 -1.398913 
1.559105 -0.019702 
-0.005031 -1.214522 
-1.367666 -0.675438 
-1.541365 -0.101103 
0.378483 -1.116005 
0.358782 -1.321355 
1.049857 1.194657 
0.603080 1.199003 
0.655736 -1.021771 
-1.597103 0.091528 
-0.991462 0.593907 
0.197902 -1.428984 
-1.304914 -0.869978 
1.071170 0.455590 
0.863084 1.275273 
0.636709 1.117962 
1.309981 -0.331336 
-1.396586 -0.793747 
0.775901 1.205330 
0.710025 -1.348826 
0.210400 1.251734 
-1.318921 -0.925448 
-1.070904 -1.116699 
0.987112 -0.650073 
0.501844 -1.026707 
0.554197 -1.202658 
-1.215323 -0.591072 
0.558285 1.117374 
0.764998 -1.002681 
1.345809 0.469329 
-0.417777 1.331388 
1.394305 -0.701023 
1.047201 -0.510894 
-1.181132 -0.581884 
1.099020 -1.046983 
-0.393405 -1.228882 
-0.947657 0.842132 
-1.043316 -1.019742 
1.148650 0.359816 
-1.017729 0.781454 
1.100854 0.536349 
-1.098982 0.519479 
0.177312 1.288328 
0.586023 1.408574 
-0.427630 -1.373784 
0.697592 1.326458 
-1.199899 -0.269963 
1.287558 -0.489717 
-1.116238 -0.479539 
0.480528 -1.429214 
0.421040 1.368023 
-0.956373 -1.186619 
0.746088 -1.242035 
-1.377050 0.750492 
-0.993223 0.954900 
0.070919 1.608613 
1.135035 0.338529 
1.238819 -0.252366 
0.831239 1.361357 
0.006959 -1.534907 
-0.616787 -1.431950 
0.982987 -0.823013 
1.029686 1.071480 
-1.425318 0.189955 
-1.548763 -0.109129 
0.832207 1.062098 
0.428479 1.248938 
1.257001 0.519565 
0.869217 -0.956791 
0.608423 -1.174225 
-0.985350 -1.253795 
0.863699 -0.930245 
-0.483304 -1.283058 
1.562790 0.282207 
-1.183998 0.528893 
-1.404578 -0.137265 
1.292222 -0.422950 
-1.266839 0.437883 
-1.569291 -0.143370 
1.202220 -0.164421 
0.832347 -0.854360 
-1.061637 -0.468629 
0.937770 -0.878300 
-0.725879 1.141942 
-1.517028 0.028462 
1.294326 -0.068536 
-0.397322 -1.098838 
-1.406038 -0.376526 
-0.939396 0.962118 
0.322322 1.366357 
1.152629 -0.773279 
0.169956 -1.505070 
0.374461 1.391991 
1.207323 0.339120 
1.268291 -0.181438 
0.295282 -1.186845 
-1.240250 0.488544 
-1.306116 -0.604057 
1.461133 -0.166279 
-0.650437 1.264108 
0.417536 -1.194165 
-0.911208 1.206651 
-0.947274 -1.088895 
-0.576550 1.189308 
-0.826182 0.803416 
-0.639132 -1.492576 
-1.463249 -0.038365 
1.125528 1.135205 
-0.958797 0.704288 
0.621949 1.249334 
-1.330106 -0.876679 
-0.342924 1.319033 
-0.601993 -1.382470 
-1.473593 0.280147 
0.433889 1.477875 
-1.299111 0.108469 
-0.744315 1.217059 
0.027383 -1.277424 
-1.055799 -0.514999 
1.039285 1.108695 
-0.920266 -0.703677 
1.222609 -0.807314 
-1.171824 0.049497 
1.207651 0.401902 
-1.612854 -0.213503 
0.390645 1.115353 
-0.847832 1.137220 
1.296226 -0.570941 
-0.874440 -0.974841 
0.077288 1.602962 
1.415126 0.714831 
0.823601 0.895351 
-0.890655 1.335160 
-1.098253 0.469761 
1.372886 -0.834999 
0.943428 0.941104 
0.961652 -0.960008 
1.131984 0.261601 
-0.388947 1.209855 
-1.113392 0.829173 
-0.194904 1.166742 
-1.518076 0.178926 
1.078620 0.630933 
-1.073525 -0.664351 
1.245926 -0.745184 
1.134480 -0.983487 
0.319024 -1.430300 
-1.067636 0.902160 
-1.202635 -0.915544 
1.263874 0.193443 
-1.429006 -0.230589 
-1.051454 -0.546926 
0.933557 0.935329 
-1.475930 0.551424 
-1.478771 0.371893 
1.604420 -0.223514 
0.225771 -1.193556 
1.007038 0.974831 
-0.424419 1.504675 
0.331675 -1.570094 
0.717784 -0.994991 
0.172409 -1.510201 
-0.793759 -1.317251 
0.582506 1.422104 
0.729058 0.939766 
0.880926 0.869865 
1.170679 1.084196 
0.849973 -1.188831 
-1.458297 -0.528138 
1.134369 -0.155551 
0.105609 1.143057 
0.277674 1.422909 
-0.333415 -1.325129 
-1.431339 -0.408798 
0.169589 -1.394389 
0.639868 -1.188728 
-0.939661 1.204265 
-0.344598 -1.493681 
1.511441 0.219901 
-1.296857 -0.402847 
-0.360581 -1.490162 
1.325122 -0.606028 
0.961551 0.817274 
0.493743 -1.510473 
0.973664 -1.262109 
1.302673 -0.670267 
1.003955 0.780470 
1.103042 1.126507 
-0.953769 0.915721 
-1.463993 -0.014963 
-0.638770 0.967465 
-0.246676 -1.534119 
-1.591911 0.086199 
-1.355070 0.468418 
-0.032554 -1.407398 
0.420085 -1.273049 
-1.076696 -1.023359 
-0.749973 1.073663 
-1.060217 -1.071059 
1.502142 -0.312906 
-0.941922 -1.129634 
-1.152258 1.107374 
-1.540448 -0.306223 
-1.398675 0.089912 
0.616059 -1.024461 
0.982551 1.206277 
1.255034 0.339989 
-1.311265 -0.643837 
1.534405 -0.334199 
-0.485735 -1.336782 
0.036211 -1.473686 
-1.347170 -0.776122 
-1.398626 -0.821127 
-1.338648 -0.529205 
1.328656 0.819508 
-1.405394 0.648910 
-0.372308 1.529714 
-1.248565 0.295107 
-1.213341 0.044160 
1.465699 0.003688 
-0.527771 1.241250 
-1.405162 0.249000 
0.715503 -1.329394 
-1.095908 1.123634 
0.944603 1.116562 
0.330832 -1.350979 
-0.866541 0.971295 
1.173678 -0.699890 
0.132464 -1.596795 
1.406131 0.068557 
0.168394 1.588803 
1.284530 -0.899446 
-1.502829 0.483604 
0.717771 -1.033259 
-0.648564 -1.406179 
1.317826 0.314773 
0.987051 0.570732 
-0.261092 1.477344 
-1.257107 -0.617083 
1.107949 0.386847 
1.355716 -0.577956 
-0.359036 1.346640 
-0.755152 -1.093694 
1.120088 -0.791825 
-0.931245 -0.883880 
-0.242523 1.168054 
-0.601753 -1.278933 
-1.236512 0.935925 
0.697999 1.172916 
-1.509566 -0.481997 
1.046835 -0.664591 
-1.258458 0.557943 
-0.900594 -0.770446 
0.192178 1.527548 
1.525784 -0.094344 
1.336498 -0.825226 
0.912919 0.957633 
-0.936750 -1.301912 
-1.300553 0.397215 
0.370200 1.172672 
-0.056644 1.173841 
0.259800 1.538931 
1.065976 -0.874855 
-0.447814 -1.082518 
-1.414374 0.122212 
-0.954215 0.753731 
1.510449 -0.218780 
1.166912 0.463012 
1.525048 -0.179737 
-1.213833 0.835412 
0.222857 -1.130874 
1.529421 0.104041 
-0.101978 1.176374 
0.145943 1.535520 
-1.004614 0.875624 
0.536088 -1.370227 
-0.455741 -1.339010 
-1.345756 -0.642378 
-1.490772 -0.524194 
-0.212158 1.184460 
-1.280003 0.463666 
-0.822264 -1.347910 
1.007655 0.613776 
-0.842546 1.057046 
0.325529 -1.586957 
1.038895 0.947361 
1.132133 -0.592937 
-0.068449 1.308245 
1.032275 1.221679 
1.455600 -0.517077 
0.060033 1.542006 
1.223376 0.884681 
-0.871084 -1.214637 
-0.095958 -1.430050 
1.319158 0.726305 
-1.029678 0.989806 
0.519624 -1.094797 
-0.455842 1.047872 
-1.409823 0.045079 
-0.818718 0.886424 
1.156260 -0.303739 
1.510575 -0.311718 
1.275581 0.265443 
0.178172 1.595207 
1.242973 0.802139 
-0.409651 1.558005 
-1.179375 -0.003522 
-1.464901 -0.686495 
-1.273895 0.920013 
-1.309834 -0.886069 
-0.882081 0.899130 
-1.244748 0.616757 
-0.567870 -0.992104 
1.343894 0.014262 
1.313381 -0.772007 
-1.261127 -0.972160 
-1.401037 -0.095875 
-1.421121 0.042478 
1.504217 0.075385 
-0.655078 1.487430 
1.217093 0.956682 
1.069899 -0.799418 
-1.525749 -0.547552 
-0.940109 -0.867846 
-1.330921 -0.914143 
1.328303 -0.923258 
-0.754090 1.397765 
-1.190543 -0.273142 
1.330396 -0.887408 
-1.352402 -0.505864 
-1.292253 -0.457521 
0.132797 1.352409 
-1.223078 -0.543847 
-1.166274 -0.502743 
1.152868 0.773616 
0.005251 -1.393148 
1.148263 -1.027661 
-0.852603 1.023068 
0.370886 1.147197 
-0.712459 -1.114385 
1.329992 0.426331 
1.319714 -0.943203 
-1.190074 -0.525556 
0.193501 1.400249 
-0.341941 1.367738 
1.309962 -0.453870 
1.077713 0.719388 
-1.089347 0.707616 
-1.459207 -0.411083 
1.066797 -1.035059 
-0.011184 1.599188 
-1.579795 -0.377011 
-0.873943 1.228930 
-0.471348 1.150769 
-1.143137 -0.462945 
0.220176 1.486016 
-1.274948 0.199044 
-0.568956 1.245553 
-0.718921 1.321167 
