-0.402701 0.239545 
-0.431687 0.270068 
0.077580 0.491364 
0.355258 0.510636 
0.471592 0.243819 
-0.250563 0.378070 
0.044276 0.509903 
0.209232 0.434960 
0.639793 0.291002 
0.123290 0.514462 
-0.613018 0.188352 
0.584594 0.324294 
0.138799 0.553316 
-0.336431 0.397347 
-0.423859 0.378065 
0.718360 -0.011913 
0.407598 0.437016 
0.389857 0.393356 
0.693497 0.102942 
0.143280 0.588912 
0.473774 0.302613 
-0.151779 0.525687 
-0.515638 0.257288 
0.588722 0.184986 
-0.525210 0.111226 
0.058646 0.558093 
-0.595284 0.062508 
0.322545 0.416288 
0.584077 0.342656 
0.279993 0.470825 
0.614395 0.273528 
0.316614 0.454361 
0.111521 0.469039 
0.667633 0.032773 
-0.566870 -0.024329 
-0.607051 0.095059 
-0.218929 0.375102 
0.696348 0.132149 
0.175777 0.498598 
0.075477 0.465542 
0.152375 0.455883 
0.235055 0.482336 
0.421113 0.292020 
-0.558584 -0.060864 
0.367799 0.368831 
-0.195949 0.461016 
-0.186298 0.450607 
-0.290022 0.383242 
0.578234 0.268787 
-0.546051 0.188070 
0.710190 -0.006155 
0.496699 0.292405 
0.093846 0.531798 
-0.327004 0.426887 
-0.280208 0.381244 
0.635507 0.070415 
-0.669184 -0.051610 
-0.177887 0.385027 
0.512647 0.296396 
0.695208 0.015137 
-0.602727 -0.103349 
0.434867 0.447883 
0.749273 0.049332 
-0.074448 0.431161 
-0.629186 0.102150 
0.180562 0.433911 
0.785059 -0.009774 
0.349110 0.396528 
0.671036 -0.106304 
-0.254804 0.449684 
-0.273261 0.488236 
-0.015871 0.547884 
0.642686 -0.131680 
0.689091 0.113380 
-0.270454 0.410722 
-0.335460 0.306112 
0.447874 0.411659 
0.678740 -0.057665 
0.747793 0.108633 
0.415975 0.430564 
0.595581 0.157154 
-0.261340 0.359904 
-0.306732 0.357160 
0.311601 0.483696 
-0.124257 0.525209 
-0.489831 0.359626 
-0.577974 -0.138436 
0.292053 0.470823 
0.600075 0.273770 
0.135795 0.467786 
0.530250 0.239726 
-0.566126 -0.091041 
0.313892 0.394378 
0.573684 0.242401 
0.462619 0.383460 
-0.433165 0.196305 
0.414911 0.305292 
0.086695 0.522499 
0.696723 0.087055 
0.701565 -0.107177 
0.687609 0.126904 
-0.452477 0.391076 
-0.168733 0.463193 
-0.392120 0.264155 
-0.597356 -0.135316 
0.637660 0.168944 
0.420428 0.364661 
0.727732 -0.087670 
0.177535 0.520361 
0.256826 0.517690 
-0.503239 0.149748 
-0.295536 0.446326 
-0.486387 0.279359 
-0.619775 -0.086603 
-0.593043 0.120203 
-0.290114 0.442982 
0.617351 0.034987 
-0.662421 -0.095358 
0.659707 -0.094914 
-0.312208 0.358997 
0.668456 0.066844 
0.442089 0.374927 
0.254680 0.411680 
0.730256 0.010495 
0.700360 -0.137438 
-0.556037 -0.109876 
-0.051882 0.465429 
-0.451896 0.231444 
0.194155 0.492538 
-0.521828 0.202353 
-0.485102 0.325949 
0.559797 0.309186 
-0.088070 0.464924 
-0.443281 0.249744 
0.449205 0.375689 
-0.509459 0.038192 
0.020693 0.466059 
0.248532 0.468385 
0.695826 0.085011 
0.679150 0.199684 
-0.682667 -0.125078 
-0.456137 0.259653 
0.678430 -0.120742 
-0.481244 0.371667 
0.572823 0.184238 
-0.493959 0.199941 
-0.232612 0.389853 
-0.633041 0.076100 
-0.345595 0.444747 
-0.293438 0.494383 
0.053832 0.467021 
0.453479 0.449141 
0.428312 0.403637 
0.458573 0.288086 
0.113797 0.439910 
0.651598 -0.042570 
-0.088644 0.524157 
0.617984 0.129228 
-0.125238 0.563584 
0.106267 0.586859 
0.785572 -0.105171 
0.581168 0.101429 
-0.581148 0.047401 
0.705520 -0.042813 
-0.299957 0.454160 
0.323094 0.377216 
-0.252777 0.400041 
-0.328529 0.365420 
0.635524 -0.103731 
0.036269 0.429114 
0.627155 0.215931 
0.669679 0.006961 
0.176021 0.456078 
-0.495808 0.249746 
-0.466413 0.344309 
0.649164 0.045457 
0.648924 0.263993 
0.685499 -0.129579 
0.414371 0.499500 
0.118029 0.525025 
0.556876 0.374002 
0.558779 0.171450 
-0.403817 0.302688 
0.610690 0.066035 
-0.359005 0.353450 
0.537410 0.275074 
-0.646176 -0.029900 
-0.121437 0.499818 
-0.338677 0.340180 
-0.481097 0.265792 
0.030481 0.462873 
-0.550193 -0.024185 
-0.645358 0.087805 
-0.363235 0.459285 
-0.279003 0.377637 
-0.210288 0.377362 
0.534546 0.160683 
0.023001 0.487802 
0.684497 -0.069768 
0.032229 0.458961 
-0.334192 0.440099 
0.707715 -0.123024 
0.738009 -0.117671 
-0.187972 0.402833 
0.722589 0.168122 
-0.591953 0.006799 
0.638411 0.274677 
0.624802 0.211130 
-0.259476 0.503522 
0.384065 0.371854 
-0.044916 0.582892 
0.469678 0.471156 
0.246598 0.455924 
-0.222670 0.442196 
0.621129 0.261304 
0.489330 0.322889 
0.366884 0.342102 
0.453002 0.384107 
-0.680965 -0.080841 
0.232837 0.470194 
-0.122733 0.558038 
-0.393199 0.286585 
-0.629038 0.108145 
0.571891 0.273869 
0.022127 0.552435 
0.375240 0.356571 
0.158374 0.570286 
0.567031 0.104500 
0.742577 0.113857 
0.049971 0.598831 
-0.483231 0.145346 
-0.574805 0.045869 
-0.555056 0.239619 
0.146585 0.419114 
-0.385387 0.389166 
0.494317 0.244952 
-0.471058 0.146936 
0.545066 0.228858 
0.593778 0.133103 
-0.167255 0.493451 
0.792323 -0.100788 
-0.681005 0.016538 
0.603884 0.265964 
0.516911 0.271815 
-0.532743 0.302820 
0.303526 0.403921 
0.271625 0.429075 
0.526512 0.387448 
0.732306 -0.001591 
-0.519930 0.206157 
0.024004 0.581920 
0.626803 -0.061318 
-0.557843 0.256827 
0.108511 0.573415 
-0.649706 -0.060540 
-0.129912 0.398825 
0.786505 -0.076076 
-0.446862 0.388457 
0.687796 -0.020225 
0.647613 -0.147872 
0.655876 0.006338 
0.116630 0.527277 
-0.536648 -0.094740 
0.478621 0.438550 
0.655823 0.131391 
-0.369069 0.341456 
0.432916 0.351490 
0.708149 -0.007625 
0.632660 0.200298 
0.247420 0.545671 
0.565957 0.238797 
0.653961 0.041315 
0.682975 0.160955 
0.088221 0.452707 
-0.655488 0.017236 
0.172318 0.458005 
-0.564917 0.237493 
0.439314 0.357290 
-0.105238 0.491275 
0.498578 0.402137 
-0.359234 0.324650 
0.522848 0.305835 
-0.299621 0.457995 
0.071948 0.457220 
-0.207207 0.467485 
-0.620470 -0.083528 
0.682556 0.227037 
0.661592 0.192787 
-0.456647 0.376927 
0.599189 0.133176 
0.166616 0.583754 
0.173178 0.479785 
-0.330925 0.417999 
-0.482365 0.109506 
0.754039 -0.030207 
-0.519301 0.097681 
-0.408535 0.253927 
0.644184 0.174777 
-0.329904 0.414442 
-0.322211 0.376179 
-0.653539 -0.057762 
0.394951 0.362711 
0.771092 0.018889 
0.774801 -0.037294 
-0.252855 0.368599 
0.255580 0.397749 
0.003660 0.442983 
0.439057 0.324713 
-0.593680 0.226764 
-0.542007 -0.101458 
0.008288 0.453417 
-0.425317 0.265869 
0.613793 0.107846 
-0.424233 0.187938 
-0.521205 -0.060977 
0.449930 0.410513 
-0.044692 0.495615 
-0.095838 0.429929 
-0.306188 0.450361 
0.299604 0.387394 
0.028369 0.501772 
-0.519137 0.089289 
0.166525 0.460242 
-0.544829 0.049615 
0.458920 0.374219 
0.653338 0.026575 
0.432659 0.391896 
0.252575 0.392508 
0.503999 0.382040 
-0.385983 0.372202 
0.693690 0.160085 
-0.015663 0.591618 
-0.555901 0.096833 
0.425121 0.473151 
0.604105 0.245166 
0.597257 0.164699 
0.267863 0.538258 
0.204683 0.429217 
0.137677 0.541968 
-0.653056 -0.127011 
0.422236 0.340198 
-0.154880 0.422533 
-0.590940 0.125798 
-0.271312 0.405407 
-0.619075 -0.081532 
0.087846 0.570589 
-0.680710 -0.070859 
0.219711 0.508480 
0.510889 0.223816 
0.595105 0.209570 
-0.460009 0.335341 
0.498648 0.319099 
0.525628 0.418750 
-0.159689 0.559348 
0.035381 0.560789 
0.673985 -0.015135 
-0.535443 -0.131290 
0.643046 0.298020 
0.502591 0.413998 
-0.345351 0.395074 
0.610510 0.322968 
-0.505044 0.330417 
0.710407 0.004438 
0.614514 0.295515 
0.548418 0.360927 
-0.582658 0.089140 
-0.097991 0.450782 
0.650044 0.191204 
0.339040 0.468226 
-0.385652 0.404170 
-0.610251 0.138810 
0.084805 0.555693 
0.290411 0.480716 
-0.533775 0.277828 
-0.170253 0.485112 
-0.271544 0.460910 
0.682516 -0.040844 
-0.243067 0.438067 
0.053115 0.477090 
-0.018500 0.501600 
0.002304 0.584419 
-0.616282 -0.098895 
-0.104575 0.502942 
-0.638531 0.141717 
0.007045 0.521007 
-0.528135 0.307896 
0.626872 0.304517 
-0.417683 0.217605 
0.646095 -0.114542 
0.018601 0.533934 
-0.684823 -0.009301 
0.507309 0.377516 
0.234957 0.485839 
-0.528738 0.087000 
0.016457 0.518913 
0.365142 0.349711 
0.450833 0.377964 
0.667982 0.124827 
0.549634 0.277967 
0.135657 0.460546 
0.698157 0.206303 
-0.468023 0.253998 
-0.611163 0.201827 
0.572982 0.123683 
0.305037 0.447352 
-0.091124 0.571286 
0.657285 -0.095602 
0.559484 0.391255 
-0.268324 0.497161 
0.652262 0.239185 
-0.537504 0.063887 
-0.307105 0.497053 
0.587584 0.347663 
0.289039 0.555284 
0.739904 -0.107661 
-0.409442 0.287165 
0.001256 0.459303 
-0.033386 0.586263 
0.619099 0.237706 
-0.339021 0.333133 
-0.675760 0.032486 
0.333112 0.411008 
-0.566471 0.262967 
0.222094 0.499133 
-0.378659 0.305766 
-0.682135 -0.089398 
0.481228 0.366513 
0.428612 0.414447 
0.378147 0.473266 
-0.485857 0.085791 
0.295280 0.394748 
0.697051 -0.091353 
0.540918 0.178519 
-0.140340 0.467936 
0.036335 0.510897 
0.570638 0.296076 
-0.162372 0.411246 
-0.205058 0.468835 
0.337950 0.359048 
0.701107 -0.051820 
-0.412129 0.303520 
0.059794 0.472921 
-0.086144 0.509437 
0.335556 0.498889 
0.330072 0.475356 
-0.653605 0.076290 
0.764412 -0.003007 
0.518080 0.263812 
0.224169 0.449224 
-0.269033 0.437000 
-0.243353 0.522159 
-0.396068 0.237165 
-0.461737 0.220203 
-0.429949 0.343983 
0.574396 0.254073 
0.710209 0.044349 
0.634308 0.092161 
0.204933 0.527609 
0.111279 0.569869 
0.683675 0.083626 
0.548390 0.353842 
0.626867 0.198811 
-0.664150 0.024219 
0.145482 0.493512 
-0.321525 0.430612 
-0.642810 0.134004 
0.524102 0.217721 
0.637852 -0.097067 
0.751211 -0.136989 
-0.520883 -0.007995 
0.466807 0.413158 
-0.560415 0.099474 
-0.426403 0.196571 
0.607430 0.313752 
0.466276 0.416887 
0.023034 0.511558 
0.689706 0.241441 
0.064185 0.549744 
0.752933 -0.048060 
0.382164 0.474338 
-0.536376 0.253868 
-0.292096 0.452377 
0.336615 0.523397 
-0.468313 0.283033 
0.586634 0.155468 
-0.536135 -0.149532 
0.418155 0.356912 
-0.306687 0.409098 
0.235832 0.570496 
-0.025235 0.455018 
0.656258 0.095537 
0.573800 0.362036 
0.609252 0.109358 
0.591219 0.140148 
0.643866 -0.114158 
0.704381 0.099082 
0.066683 0.587916 
0.683253 -0.128157 
0.685851 0.153043 
-0.408151 0.199893 
