2.224947 1.261673 
1.615975 1.661882 
0.592875 2.360452 
-1.086213 -1.816503 
-2.083724 0.572567 
-1.105330 -2.120338 
1.692823 1.865969 
2.160815 1.192021 
-0.928189 -2.063030 
-2.011130 -1.371044 
1.188976 2.196426 
-1.560384 -1.519893 
-2.411219 0.150846 
-1.048080 2.156063 
2.230529 1.090738 
-0.479843 -2.314311 
1.435744 1.960834 
-1.439072 1.735033 
1.944345 1.512199 
-2.040195 0.468046 
0.236171 2.461447 
-2.209798 -0.826004 
0.455700 2.447836 
2.246399 -0.118667 
-1.836415 1.021319 
-0.529318 2.171763 
0.281473 2.378202 
-2.209560 -0.843439 
0.534089 2.225526 
-2.176832 -0.178893 
0.102988 2.547618 
0.564844 2.167583 
-2.254066 0.260612 
2.522204 -0.014881 
-2.200413 -0.595533 
-1.902955 -1.144920 
0.791107 2.109342 
0.457356 -2.398148 
2.500362 0.169395 
-1.993416 -1.378460 
-0.486472 -2.390319 
-0.689447 -2.102004 
0.258534 -2.107432 
1.903196 1.000296 
-1.885654 -1.725230 
-0.173527 -2.449734 
-0.631945 -2.168181 
1.881905 1.424408 
0.844028 -2.226067 
-1.556685 1.432531 
1.574222 1.450032 
-2.024197 -1.058723 
2.017049 -0.884109 
-2.000435 0.586649 
-2.297167 -0.297529 
-1.597008 -1.971076 
1.700626 1.812379 
2.161387 1.045692 
2.244178 1.191879 
-0.574482 -2.299833 
2.044051 1.215786 
-1.903402 -0.959704 
-2.473209 0.229211 
-0.682404 -2.242352 
0.906553 -1.935546 
1.806749 1.497619 
-0.503426 -2.149608 
-2.265464 -0.930211 
0.879122 -2.343500 
-2.284945 0.374022 
-2.289032 0.266687 
0.317048 2.178382 
1.306300 -1.646867 
-0.376389 2.482610 
1.595450 1.673990 
1.448695 1.920534 
2.220774 -0.734134 
1.005275 2.346095 
-0.723762 -2.063351 
-2.298136 -0.596503 
2.031427 1.377231 
0.673212 -2.182119 
-1.973718 1.506059 
-1.241873 -1.822821 
-0.151245 -2.256476 
-0.425593 2.193820 
-1.694406 1.491195 
2.057817 1.418948 
1.917241 -1.099402 
0.326760 2.519445 
1.690410 1.392179 
1.874221 1.453502 
2.225254 -1.015457 
-2.134355 -1.177835 
-1.108416 2.165107 
-2.301966 -0.623403 
1.581064 -1.414690 
-0.551491 -2.150803 
1.472128 -1.638364 
-2.136329 0.698239 
-2.290563 0.358807 
1.707986 -1.734794 
0.975722 2.089346 
-1.194871 2.093018 
0.676233 -2.048296 
1.901434 -1.371343 
-2.110603 -0.288139 
-1.651350 1.650992 
-1.963860 1.268498 
1.774192 1.591393 
1.918331 -0.829172 
-2.228193 0.573216 
-2.345127 -0.010266 
2.196480 0.261835 
2.472551 0.292323 
-0.876101 -2.137833 
0.157077 -2.169966 
1.349466 -2.012668 
0.087398 -2.378397 
0.122553 2.419467 
-1.294237 -2.109183 
-0.688352 -2.397560 
-0.259185 -2.207830 
-1.147457 2.253801 
-1.775084 -1.490477 
1.905401 1.465767 
-1.384442 1.905056 
-1.539874 1.953188 
-1.019629 -1.941946 
-2.367563 -0.794067 
-1.691174 -1.724275 
0.440487 -2.508329 
0.783946 -1.943685 
2.188492 -0.555893 
-1.986258 -1.308032 
2.020107 0.724412 
2.117885 -0.387310 
-0.693966 -2.205888 
1.126663 -2.245008 
0.186279 -2.285137 
2.322467 0.384614 
0.963499 2.132717 
-1.989365 0.783975 
-1.336761 -1.862898 
1.229291 -1.762957 
-2.054068 1.484722 
-0.234039 -2.066936 
-2.091653 -1.059623 
1.937594 1.178032 
2.132894 -0.650975 
-0.952701 1.889272 
-1.824164 1.543994 
2.353212 -0.289535 
0.316612 -2.153033 
-1.391881 -2.024922 
-2.524060 -0.063254 
-0.102670 2.488667 
2.115652 -0.832062 
2.261110 -0.916767 
1.826043 -1.110227 
0.567811 2.204664 
-0.648747 -2.344449 
2.551201 0.055313 
0.584395 2.097746 
1.102460 -1.928669 
-1.777404 -1.336333 
-1.575554 1.597667 
-1.546073 1.982255 
1.573240 1.440497 
-0.935202 -1.873602 
-2.225771 0.444215 
-1.675724 -1.678039 
-1.297200 -1.931519 
-1.956321 -1.392805 
-1.956870 -1.165364 
-2.103677 0.958972 
0.402482 -2.516234 
1.882556 1.328394 
-0.893670 2.064087 
-1.396687 1.701263 
1.888193 -1.435833 
-0.273451 -2.430215 
1.657312 -1.559498 
-0.638242 2.387807 
2.091880 -1.132872 
-1.614438 -1.623462 
0.771865 -2.190450 
1.340680 1.703173 
-1.718010 1.412458 
2.418440 0.303034 
1.254279 -2.029523 
-1.939319 1.350934 
1.943706 -1.264046 
-1.642370 -1.616687 
-2.059562 0.877041 
-2.532337 0.207524 
1.522043 -1.959348 
1.199415 -1.785300 
-1.248255 1.678699 
2.141524 0.424495 
2.489100 -0.347258 
-0.270094 2.348086 
2.120487 -0.988242 
0.313414 -2.309830 
-0.302861 2.534123 
-1.830255 -1.719834 
-0.058903 -2.390163 
2.053637 -0.679628 
-2.513119 -0.399283 
-1.511537 1.676414 
0.569580 -2.277594 
-0.077607 2.196437 
2.183013 0.471212 
-0.708122 2.448605 
-2.177280 1.140353 
0.366707 2.200386 
-1.267268 2.208731 
2.440874 -0.676801 
1.161948 -2.186146 
-0.023928 -2.470617 
-2.327118 -0.761850 
-1.947656 1.412772 
2.126740 0.114629 
-2.321541 -0.935633 
0.271104 2.172719 
-2.245986 0.613482 
-1.946800 -0.963478 
-1.114763 -2.005109 
-1.512851 -1.683898 
0.500991 2.131690 
0.084304 -2.222254 
0.126200 2.218280 
-2.143388 -0.586548 
1.982966 1.595226 
-0.772969 1.944794 
-2.367573 0.627990 
1.766158 1.721076 
-0.470441 2.304437 
1.160333 -1.934745 
-0.856073 -2.153861 
2.131765 -1.037668 
2.107420 1.040975 
-2.154084 -0.595151 
1.975537 1.548631 
-2.175495 -1.257250 
1.855366 -1.720954 
2.100561 -0.862816 
-2.321265 -0.065254 
-1.211081 1.826044 
-2.245375 -1.197797 
1.871500 -1.593514 
-1.598883 1.710106 
-1.462017 1.795550 
-2.237896 -0.721290 
1.054242 1.884998 
2.024770 0.579412 
-2.172517 1.066793 
1.928283 -1.353292 
0.268808 -2.397683 
-2.119163 0.212110 
-2.332874 -0.476704 
0.277897 -2.329991 
-1.856641 1.250693 
0.388997 -2.275716 
1.714497 1.712946 
1.564591 1.866977 
-0.378647 -2.190661 
0.106054 2.413753 
-0.693559 -2.371865 
-1.795914 -1.541580 
1.982448 -1.493036 
-0.347200 2.365849 
-1.086328 2.119716 
-0.214124 2.241583 
2.200739 0.933652 
-1.769142 -1.815711 
-0.932903 2.381379 
-0.683263 2.004391 
-1.186941 -1.801680 
1.876165 -1.735335 
-1.942732 -1.025051 
-2.016649 -0.755914 
-2.003637 1.534013 
-1.622517 -1.914936 
0.298723 2.393668 
1.749640 1.628316 
1.761931 1.521582 
-2.179858 -1.140358 
0.105766 2.160953 
1.012060 -1.938257 
1.819848 1.574854 
-1.582478 -1.996201 
0.770533 2.369430 
0.464476 -2.259612 
-2.288331 -0.295818 
-2.044523 1.039699 
-2.005704 1.226953 
2.212817 0.959505 
-2.246463 -1.127540 
-0.782361 2.423300 
1.192067 1.958495 
-1.406088 1.690484 
-1.842066 1.525803 
0.847051 -2.078394 
2.281743 0.358256 
1.111866 1.962905 
-0.595133 -2.049595 
1.426537 -2.000072 
-0.837389 -2.015967 
-1.373187 -2.107185 
-0.569851 2.064373 
-0.749080 1.972101 
2.051708 0.784695 
-1.441172 1.717090 
1.444334 1.607783 
1.278578 -1.883429 
-2.386865 -0.882784 
0.891996 -2.358890 
-2.214877 -0.439085 
-2.175568 -0.180480 
0.782946 2.192145 
-1.908557 -1.416980 
2.036480 1.347387 
1.156914 -2.103085 
1.003500 1.849380 
-1.426856 1.719328 
2.319582 -0.070146 
1.485621 -1.911680 
0.773159 -2.341137 
-0.576185 -2.479700 
2.401834 0.827234 
0.885263 2.260349 
-1.981821 0.720387 
-1.623184 -1.576744 
0.958765 -1.973771 
2.274939 -0.345078 
1.269182 1.908310 
0.388348 -2.332139 
-0.764239 -2.305513 
2.222025 1.079329 
-0.829244 -1.925382 
1.854145 -1.449829 
2.100981 -0.210927 
2.046076 1.246851 
-0.862732 -2.295935 
-0.203911 -2.313623 
2.048626 0.999515 
-0.387275 2.523334 
-1.615278 -1.960975 
-1.065252 1.970060 
1.598598 1.801264 
-0.393397 -2.331676 
2.039560 -1.126926 
0.979659 1.994430 
-1.803046 -1.252230 
-0.813150 2.324187 
-0.605332 -2.223998 
2.434532 -0.010239 
2.427464 0.103535 
0.627348 2.054699 
0.503324 -2.101511 
-2.220936 0.001780 
1.304579 2.181091 
2.217104 -0.159091 
-2.216457 -0.712640 
-2.391192 -0.725434 
-0.432895 -2.277821 
-2.261633 -1.011708 
2.168698 -0.736834 
-0.652713 2.156498 
2.058672 1.058823 
0.117989 -2.372640 
-1.671834 -1.891810 
2.471977 0.001748 
0.849506 2.397128 
-1.795457 1.540651 
-2.311340 0.142325 
1.973363 -1.587279 
-1.780937 1.460757 
-2.227495 0.871359 
-2.509005 0.172248 
-1.763753 -1.531750 
-0.616410 2.202658 
1.989423 0.796086 
0.248469 2.069308 
-2.041329 -1.356022 
-2.506066 0.210666 
-0.080481 2.080782 
1.841947 1.242343 
-0.033531 -2.194094 
0.206637 -2.321870 
-1.844772 -1.001228 
0.893616 1.974530 
2.314332 -0.229583 
1.786193 1.448442 
-0.654184 2.060447 
1.664501 -1.428820 
0.442405 2.452423 
1.540132 1.545912 
-1.753065 1.222588 
-1.763233 1.159212 
1.760477 -1.139814 
0.316495 2.231518 
-2.476688 -0.169048 
1.928022 1.616645 
2.210106 0.558050 
-1.359584 1.648502 
2.061092 0.474156 
0.013317 2.427080 
-1.251521 2.052379 
-1.483564 -1.883632 
-1.140635 1.750637 
-1.125504 -2.083372 
1.727267 -1.792177 
-2.420176 0.614005 
1.395516 1.568618 
2.160381 0.916224 
1.637641 -1.506283 
2.017767 1.151148 
0.442762 -2.502509 
-1.669712 1.839985 
-0.319517 2.183927 
-2.410771 0.217078 
-1.677799 1.901942 
-2.253146 -1.188582 
0.924747 2.351608 
-0.050479 -2.261754 
-0.886098 1.995763 
0.847587 2.340971 
1.764380 1.246238 
0.348564 -2.107074 
0.168801 2.521986 
0.383722 2.351055 
-1.408710 -1.567961 
-2.287572 -0.762860 
2.074211 -0.244519 
-1.887352 -1.396937 
1.276680 -1.951938 
1.971939 1.106417 
2.312034 0.180325 
-0.852050 -2.315069 
-0.017621 2.163114 
-2.076629 -0.630528 
0.439607 -2.052616 
-1.528718 1.714442 
-2.290105 -0.179259 
-1.517870 1.816838 
-0.632254 -2.151395 
-2.109717 0.416670 
0.437560 2.053533 
2.275775 -0.107596 
1.612127 1.447736 
1.268278 -1.970883 
-1.670739 -1.625875 
0.876576 2.213350 
-1.454688 1.773407 
2.001539 -0.897284 
1.714451 1.554444 
1.389490 -1.608970 
-1.122491 -2.099965 
-0.672611 2.421290 
-2.018742 -0.936871 
-0.582250 -2.017177 
2.023918 -0.757682 
0.065845 -2.418054 
2.409112 0.677579 
0.557985 2.411244 
-1.504116 1.656456 
0.781142 2.214889 
1.045821 1.836203 
-1.979198 1.558726 
2.501777 0.327477 
0.463434 -2.042752 
-1.892343 1.473327 
1.657994 -1.881190 
-1.325304 1.790973 
2.275400 0.645218 
-1.106775 -2.025044 
-2.178782 -0.212727 
1.782610 -1.325797 
-0.681017 2.441939 
-2.135955 0.574431 
1.082172 1.796796 
2.161951 -0.584970 
1.964280 1.299777 
-1.997478 -0.710199 
1.908230 1.681365 
-1.203659 1.895075 
1.162963 -2.207090 
-2.048467 -0.756277 
-0.695783 -2.132044 
1.316712 1.672046 
-1.373681 -1.887796 
1.503849 1.665760 
1.725095 -1.657775 
-1.404164 -2.045563 
1.095292 -2.152485 
-0.412428 -2.510479 
-2.333104 0.770658 
1.372798 -1.931681 
-2.192629 0.712338 
-1.422678 -1.597043 
-0.436997 2.118311 
1.192193 -1.875361 
0.037478 2.416251 
-1.734027 -1.168501 
1.020572 -2.118062 
-1.670839 1.821661 
2.440274 0.734526 
2.028463 0.757716 
-0.796233 -1.990265 
0.122308 -2.088851 
-1.860335 -1.520625 
-0.486503 2.391001 
2.277167 -0.124720 
-1.456281 -1.594820 
-1.757958 -1.666374 
-2.220330 -0.536150 
1.370375 -1.757725 
-2.305212 0.353086 
-0.877368 2.219939 
-2.022581 -0.868872 
-1.366090 -2.158001 
0.668468 2.113435 
2.017888 -0.787990 
-1.473894 -1.691026 
-0.963793 -1.981976 
-2.412928 0.367563 
-0.220241 -2.300876 
2.218886 0.815166 
1.449509 -1.570828 
0.563606 2.076687 
-1.885112 1.134767 
1.578823 1.426894 
1.850187 -1.687791 
-1.186004 -2.232220 
2.167229 1.250046 
-1.472181 1.565185 
1.212750 -1.756500 
-0.260182 2.065733 
2.311828 0.667449 
-0.398547 2.270514 
0.512448 -2.256196 
-2.350094 0.669919 
-0.434677 -2.253159 
2.483891 0.361042 
2.154600 1.229053 
0.101129 2.237700 
-2.240163 0.522584 
1.707435 1.526907 
0.157519 2.546308 
-2.405902 -0.639940 
1.727507 1.760545 
-1.306956 1.848494 
1.079035 -1.941655 
-1.131057 -1.810842 
-1.977842 1.451870 
-2.104750 0.832707 
-1.433985 -2.031049 
-2.207076 0.855592 
-0.734973 2.409941 
0.183561 2.330265 
1.754740 1.674284 
-0.691122 2.421729 
-1.710186 1.483993 
-2.476529 0.324281 
1.669727 -1.546860 
-2.544836 -0.108668 
-2.240272 -0.831009 
1.597397 -1.516014 
1.954447 1.469923 
1.602073 1.724172 
1.508277 1.727512 
1.351681 2.085125 
0.948382 -2.266979 
-1.759945 -1.312389 
-0.324340 -2.258985 
-2.292562 1.101552 
-2.271360 0.348362 
1.064912 2.270133 
-1.697702 -1.631454 
-0.156353 -2.309924 
2.388704 -0.244675 
-0.981232 -2.272966 
2.261655 0.313543 
1.294308 -1.794165 
-1.201426 -2.070837 
-2.304926 0.475739 
-2.390170 -0.221519 
-2.279671 0.132162 
0.458376 2.133004 
-1.383384 1.709652 
1.071946 -2.067638 
0.376451 -2.092763 
1.810338 1.401583 
2.043409 0.454139 
1.678447 -1.432752 
-1.706434 1.759519 
1.786051 1.364292 
0.930352 -2.019051 
-2.091627 -0.715261 
2.119819 1.262558 
0.471686 -2.122893 
1.664260 1.290268 
-2.131963 -0.094978 
0.888266 -2.194188 
2.151366 0.687116 
-1.875648 1.481807 
1.350826 -1.721299 
-1.260640 2.107636 
-1.014028 2.130338 
-2.149949 1.030990 
0.325502 2.516999 
-2.060631 0.327745 
1.438053 2.056914 
-1.774615 -1.842344 
2.243136 -0.946580 
-1.349363 1.751203 
-1.980173 -1.200900 
-1.424253 1.593077 
2.466861 0.313747 
-2.422642 -0.030781 
-1.805488 -1.341964 
2.375663 0.842277 
-1.232360 1.862174 
2.140332 0.414372 
2.038699 -1.123491 
-0.520381 2.501358 
0.455978 -2.069719 
1.572071 -1.853775 
-1.021447 -2.197843 
-1.678312 -1.391353 
1.862596 1.665958 
-2.490648 0.037888 
2.150500 -0.732314 
2.294276 0.837695 
-1.718434 1.315564 
2.027517 -1.274018 
2.077977 0.364998 
2.368762 -0.352851 
-1.240264 1.978090 
-0.502203 -2.507494 
2.277274 0.077867 
0.105849 2.420322 
0.961806 -2.051786 
-0.571838 2.029265 
0.968526 2.327742 
2.315981 0.916263 
2.394492 0.864337 
1.317156 2.054519 
-2.216787 -0.834926 
0.339443 -2.225392 
2.216532 0.459154 
-1.018139 1.958797 
-2.183623 0.250797 
2.220572 -1.252322 
0.640036 2.143784 
-1.112141 1.848847 
-0.256142 2.091183 
0.333095 -2.079088 
1.699106 -1.568714 
-1.581039 -1.752422 
-1.416459 1.596282 
-1.449134 1.970357 
2.073480 0.881601 
2.380112 -0.287364 
0.990318 2.267390 
2.465541 -0.391325 
-1.517114 -1.996263 
-1.909435 -1.508319 
-2.091479 0.985843 
-1.148598 -1.816589 
0.161274 2.164447 
-2.337523 -0.567969 
-1.102357 1.891853 
-1.358732 -2.086712 
2.497636 0.501650 
-1.771625 -1.283108 
-0.681916 -2.282945 
-2.186056 1.022163 
-1.952890 -1.088348 
-0.450284 2.305479 
1.152909 -1.737008 
-1.467164 1.738706 
-0.771681 -2.191252 
-0.184782 -2.475912 
-2.089560 0.448583 
-1.379291 1.986562 
1.820665 1.768129 
-2.451716 -0.206012 
-1.662400 1.921582 
-1.832040 -1.155121 
2.130049 0.308265 
-0.185888 2.392820 
-0.260625 -2.334150 
2.046232 -0.788297 
-0.700818 2.282566 
0.420225 2.293400 
0.785933 -2.126691 
0.380529 -2.442912 
