-2.805403 0.479090 
-2.863374 0.540135 
-1.844841 0.982728 
-1.289484 1.021271 
-1.056815 0.487639 
-2.501126 0.756141 
-1.911449 1.019807 
-1.581537 0.869920 
-0.720413 0.582003 
-1.753419 1.028924 
-3.226036 0.376703 
-0.830811 0.648587 
-1.722402 1.106632 
-2.672863 0.794693 
-2.847717 0.756129 
-0.563281 -0.023827 
-1.184803 0.874031 
-1.220287 0.786713 
-0.613006 0.205883 
-1.713440 1.177823 
-1.052451 0.605225 
-2.303558 1.051374 
-3.031276 0.514575 
-0.822556 0.369971 
-3.050420 0.222452 
-1.882708 1.116186 
-3.190568 0.125016 
-1.354910 0.832575 
-0.831847 0.685312 
-1.440014 0.941650 
-0.771210 0.547056 
-1.366772 0.908721 
-1.776958 0.938077 
-0.664734 0.065545 
-3.133739 -0.048659 
-3.214103 0.190118 
-2.437859 0.750204 
-0.607304 0.264297 
-1.648447 0.997196 
-1.849045 0.931083 
-1.695250 0.911766 
-1.529891 0.964672 
-1.157775 0.584040 
-3.117167 -0.121728 
-1.264401 0.737662 
-2.391898 0.922031 
-2.372596 0.901214 
-2.580045 0.766484 
-0.843531 0.537574 
-3.092102 0.376139 
-0.579620 -0.012310 
-1.006603 0.584809 
-1.812308 1.063596 
-2.654008 0.853774 
-2.560416 0.762489 
-0.728985 0.140830 
-3.338368 -0.103219 
-2.355774 0.770053 
-0.974707 0.592792 
-0.609583 0.030273 
-3.205454 -0.206699 
-1.130266 0.895766 
-0.501454 0.098663 
-2.148897 0.862322 
-3.258373 0.204300 
-1.638876 0.867822 
-0.429883 -0.019549 
-1.301780 0.793057 
-0.657928 -0.212608 
-2.509609 0.899367 
-2.546523 0.976473 
-2.031741 1.095768 
-0.714628 -0.263359 
-0.621818 0.226759 
-2.540907 0.821444 
-2.670921 0.612224 
-1.104252 0.823317 
-0.642519 -0.115330 
-0.504415 0.217265 
-1.168050 0.861128 
-0.808838 0.314307 
-2.522680 0.719809 
-2.613465 0.714320 
-1.376798 0.967391 
-2.248514 1.050419 
-2.979662 0.719253 
-3.155948 -0.276873 
-1.415893 0.941645 
-0.799849 0.547540 
-1.728409 0.935572 
-0.939499 0.479452 
-3.132253 -0.182083 
-1.372216 0.788755 
-0.852633 0.484803 
-1.074762 0.766920 
-2.866331 0.392610 
-1.170178 0.610584 
-1.826611 1.044998 
-0.606554 0.174109 
-0.596870 -0.214353 
-0.624781 0.253807 
-2.904954 0.782152 
-2.337466 0.926385 
-2.784239 0.528311 
-3.194713 -0.270632 
-0.724681 0.337889 
-1.159143 0.729323 
-0.544536 -0.175340 
-1.644931 1.040722 
-1.486347 1.035379 
-3.006477 0.299496 
-2.591073 0.892651 
-2.972775 0.558718 
-3.239550 -0.173207 
-3.186085 0.240406 
-2.580227 0.885964 
-0.765298 0.069973 
-3.324843 -0.190716 
-0.680585 -0.189829 
-2.624417 0.717995 
-0.663089 0.133687 
-1.115822 0.749855 
-1.490639 0.823360 
-0.539488 0.020990 
-0.599280 -0.274876 
-3.112075 -0.219753 
-2.103763 0.930857 
-2.903793 0.462889 
-1.611691 0.985077 
-3.043656 0.404706 
-2.970203 0.651898 
-0.880406 0.618371 
-2.176139 0.929849 
-2.886562 0.499488 
-1.101591 0.751378 
-3.018918 0.076383 
-1.958615 0.932117 
-1.502937 0.936770 
-0.608348 0.170022 
-0.641699 0.399367 
-3.365333 -0.250157 
-2.912273 0.519306 
-0.643141 -0.241483 
-2.962488 0.743334 
-0.854353 0.368477 
-2.987919 0.399883 
-2.465225 0.779705 
-3.266081 0.152200 
-2.691189 0.889493 
-2.586876 0.988766 
-1.892336 0.934041 
-1.093043 0.898282 
-1.143375 0.807275 
-1.082853 0.576172 
-1.772406 0.879820 
-0.696804 -0.085140 
-2.177288 1.048314 
-0.764033 0.258456 
-2.250477 1.127167 
-1.787466 1.173718 
-0.428856 -0.210341 
-0.837664 0.202858 
-3.162296 0.094801 
-0.588959 -0.085626 
-2.599914 0.908320 
-1.353811 0.754431 
-2.505555 0.800082 
-2.657057 0.730840 
-0.728952 -0.207461 
-1.927463 0.858228 
-0.745689 0.431861 
-0.660641 0.013921 
-1.647959 0.912156 
-2.991615 0.499492 
-2.932825 0.688618 
-0.701671 0.090914 
-0.702151 0.527987 
-0.629003 -0.259158 
-1.171258 0.999000 
-1.763942 1.050049 
-0.886247 0.748004 
-0.882441 0.342899 
-2.807634 0.605376 
-0.778620 0.132071 
-2.718011 0.706900 
-0.925181 0.550149 
-3.292352 -0.059801 
-2.242873 0.999635 
-2.677355 0.680360 
-2.962194 0.531585 
-1.939038 0.925746 
-3.100386 -0.048371 
-3.290717 0.175610 
-2.726470 0.918570 
-2.558006 0.755274 
-2.420575 0.754724 
-0.930908 0.321366 
-1.953998 0.975604 
-0.631006 -0.139536 
-1.935542 0.917922 
-2.668384 0.880199 
-0.584570 -0.246048 
-0.523981 -0.235342 
-2.375945 0.805667 
-0.554822 0.336244 
-3.183906 0.013599 
-0.723178 0.549354 
-0.750395 0.422259 
-2.518952 1.007044 
-1.231871 0.743707 
-2.089832 1.165783 
-1.060643 0.942312 
-1.506805 0.911847 
-2.445341 0.884392 
-0.757742 0.522609 
-1.021340 0.645778 
-1.266233 0.684205 
-1.093995 0.768214 
-3.361930 -0.161682 
-1.534326 0.940389 
-2.245465 1.116077 
-2.786399 0.573170 
-3.258076 0.216290 
-0.856219 0.547739 
-1.955746 1.104869 
-1.249519 0.713141 
-1.683252 1.140571 
-0.865937 0.208999 
-0.514846 0.227714 
-1.900057 1.197661 
-2.966463 0.290693 
-3.149611 0.091737 
-3.110113 0.479238 
-1.706830 0.838228 
-2.770773 0.778333 
-1.011367 0.489903 
-2.942117 0.293873 
-0.909868 0.457715 
-0.812444 0.266205 
-2.334510 0.986902 
-0.415353 -0.201576 
-3.362009 0.033076 
-0.792232 0.531928 
-0.966177 0.543629 
-3.065485 0.605639 
-1.392949 0.807841 
-1.456749 0.858149 
-0.946976 0.774896 
-0.535387 -0.003183 
-3.039860 0.412315 
-1.951992 1.163840 
-0.746394 -0.122637 
-3.115685 0.513653 
-1.782977 1.146829 
-3.299412 -0.121080 
-2.259825 0.797649 
-0.426990 -0.152152 
-2.893724 0.776914 
-0.624408 -0.040451 
-0.704774 -0.295745 
-0.688247 0.012675 
-1.766740 1.054554 
-3.073297 -0.189479 
-1.042759 0.877100 
-0.688354 0.262782 
-2.738138 0.682913 
-1.134169 0.702980 
-0.583703 -0.015251 
-0.734680 0.400596 
-1.505160 1.091341 
-0.868086 0.477595 
-0.692078 0.082629 
-0.634051 0.321910 
-1.823558 0.905413 
-3.310976 0.034471 
-1.655365 0.916009 
-3.129835 0.474987 
-1.121372 0.714580 
-2.210476 0.982551 
-1.002845 0.804273 
-2.718468 0.649299 
-0.954304 0.611669 
-2.599242 0.915991 
-1.856103 0.914440 
-2.414415 0.934970 
-3.240939 -0.167056 
-0.634888 0.454074 
-0.676816 0.385574 
-2.913293 0.753854 
-0.801622 0.266352 
-1.666767 1.167509 
-1.653644 0.959571 
-2.661850 0.835998 
-2.964730 0.219011 
-0.491923 -0.060415 
-3.038601 0.195362 
-2.817071 0.507855 
-0.711632 0.349554 
-2.659808 0.828884 
-2.644422 0.752358 
-3.307077 -0.115525 
-1.210098 0.725421 
-0.457816 0.037777 
-0.450398 -0.074587 
-2.505710 0.737197 
-1.488840 0.795498 
-1.992681 0.885967 
-1.121885 0.649427 
-3.187360 0.453528 
-3.084014 -0.202915 
-1.983424 0.906833 
-2.850634 0.531738 
-0.772414 0.215691 
-2.848465 0.375876 
-3.042411 -0.121954 
-1.100140 0.821026 
-2.089384 0.991231 
-2.191676 0.859858 
-2.612376 0.900721 
-1.400792 0.774788 
-1.943263 1.003543 
-3.038274 0.178577 
-1.666950 0.920484 
-3.089658 0.099229 
-1.082161 0.748437 
-0.693324 0.053150 
-1.134681 0.783793 
-1.494850 0.785016 
-0.992003 0.764080 
-2.771966 0.744404 
-0.612621 0.320171 
-2.031325 1.183235 
-3.111802 0.193665 
-1.149759 0.946301 
-0.791791 0.490332 
-0.805485 0.329397 
-1.464275 1.076516 
-1.590634 0.858433 
-1.724646 1.083935 
-3.306111 -0.254022 
-1.155528 0.680395 
-2.309760 0.845066 
-3.181881 0.251596 
-2.542624 0.810814 
-3.238150 -0.163064 
-1.824308 1.141179 
-3.361420 -0.141718 
-1.560577 1.016960 
-0.978221 0.447631 
-0.809790 0.419140 
-2.920018 0.670682 
-1.002705 0.638198 
-0.948744 0.837500 
-2.319377 1.118696 
-1.929238 1.121578 
-0.652029 -0.030271 
-3.070886 -0.262579 
-0.713908 0.596040 
-0.994818 0.827996 
-2.690701 0.790149 
-0.778980 0.645935 
-3.010088 0.660834 
-0.579186 0.008876 
-0.770972 0.591030 
-0.903164 0.721854 
-3.165317 0.178280 
-2.195982 0.901565 
-0.699911 0.382407 
-1.321919 0.936452 
-2.771304 0.808340 
-3.220502 0.277619 
-1.830389 1.111386 
-1.419178 0.961432 
-3.067551 0.555655 
-2.340506 0.970224 
-2.543089 0.921820 
-0.634969 -0.081688 
-2.486135 0.876133 
-1.893769 0.954180 
-2.037000 1.003200 
-1.995393 1.168839 
-3.232565 -0.197790 
-2.209150 1.005885 
-3.277061 0.283435 
-1.985910 1.042013 
-3.056271 0.615792 
-0.746257 0.609035 
-2.835366 0.435210 
-0.707809 -0.229084 
-1.962798 1.067869 
-3.369646 -0.018603 
-0.985382 0.755032 
-1.530086 0.971679 
-3.057476 0.173999 
-1.967086 1.037826 
-1.269717 0.699422 
-1.098334 0.755928 
-0.664035 0.249653 
-0.900732 0.555934 
-1.728686 0.921093 
-0.603686 0.412606 
-2.936046 0.507996 
-3.222325 0.403654 
-0.854035 0.247366 
-1.389926 0.894704 
-2.182247 1.142572 
-0.685431 -0.191204 
-0.881031 0.782511 
-2.536648 0.994322 
-0.695477 0.478370 
-3.075008 0.127774 
-2.614209 0.994106 
-0.824833 0.695326 
-1.421922 1.110568 
-0.520192 -0.215322 
-2.818884 0.574330 
-1.997488 0.918606 
-2.066772 1.172526 
-0.761802 0.475412 
-2.678043 0.666266 
-3.351520 0.064971 
-1.333777 0.822016 
-3.132942 0.525934 
-1.555813 0.998266 
-2.757319 0.611532 
-3.364270 -0.178796 
-1.037543 0.733025 
-1.142777 0.828895 
-1.243707 0.946532 
-2.971715 0.171581 
-1.409441 0.789496 
-0.605899 -0.182706 
-0.918164 0.357038 
-2.280679 0.935873 
-1.927331 1.021794 
-0.858724 0.592153 
-2.324743 0.822491 
-2.410117 0.937670 
-1.324100 0.718096 
-0.597787 -0.103641 
-2.824258 0.607040 
-1.880413 0.945843 
-2.172288 1.018874 
-1.328889 0.997778 
-1.339856 0.950712 
-3.307210 0.152580 
-0.471175 -0.006015 
-0.963840 0.527624 
-1.551662 0.898448 
-2.538066 0.874000 
-2.486705 1.044319 
-2.792135 0.474330 
-2.923474 0.440405 
-2.859899 0.687966 
-0.851208 0.508145 
-0.579581 0.088697 
-0.731384 0.184322 
-1.590133 1.055217 
-1.777441 1.139738 
-0.632650 0.167251 
-0.903221 0.707683 
-0.746265 0.397621 
-3.328300 0.048438 
-1.709036 0.987024 
-2.643050 0.861224 
-3.285621 0.268009 
-0.951795 0.435442 
-0.724297 -0.194134 
-0.497577 -0.273979 
-3.041766 -0.015991 
-1.066386 0.826316 
-3.120829 0.198947 
-2.852806 0.393142 
-0.785141 0.627503 
-1.067448 0.833775 
-1.953931 1.023116 
-0.620589 0.482882 
-1.871630 1.099487 
-0.494134 -0.096120 
-1.235672 0.948676 
-3.072751 0.507736 
-2.584191 0.904754 
-1.326769 1.046793 
-2.936627 0.566066 
-0.826731 0.310935 
-3.072271 -0.299064 
-1.163690 0.713823 
-2.613374 0.818196 
-1.528336 1.140993 
-2.050470 0.910037 
-0.687484 0.191074 
-0.852399 0.724072 
-0.781495 0.218716 
-0.817563 0.280295 
-0.712268 -0.228316 
-0.591237 0.198164 
-1.866634 1.175833 
-0.633493 -0.256314 
-0.628298 0.306087 
-2.816302 0.399786 
