1.757181 -0.074882 
-1.415069 -0.834518 
1.358793 -0.798014 
1.274233 -0.400829 
1.309022 -0.624469 
1.577081 0.128036 
-1.320212 -0.912346 
-1.718445 0.111277 
1.796066 0.483468 
-1.687226 -0.210239 
0.467559 -1.086733 
-0.073598 -1.414745 
1.504107 0.100338 
-1.190474 -0.594872 
-0.672019 -1.065179 
-0.592864 -1.077651 
1.540479 -0.674352 
-1.560641 -0.084289 
-0.552366 -1.354381 
0.668853 -0.922326 
0.008525 -1.223827 
-1.566243 -0.150491 
0.558539 -1.071734 
-1.453591 -0.172614 
-1.030054 -0.983281 
-0.533389 -1.159286 
-0.433365 -1.129555 
-1.054801 -1.139245 
-0.292768 -1.399551 
0.367722 -1.291486 
1.763692 0.276756 
-0.861986 -1.130256 
1.640696 -0.038581 
-1.791145 0.442175 
1.797752 0.283304 
0.321906 -0.999371 
1.563670 -0.270138 
-0.397953 -1.116761 
-0.426052 -1.075558 
-0.923797 -0.744380 
-1.096698 -0.848373 
1.327382 -0.643351 
1.361512 -0.556479 
-0.037194 -1.062465 
0.132974 -1.282594 
0.288976 -1.217594 
-1.196789 -0.875582 
0.154980 -1.282555 
1.557260 -0.499805 
1.668411 -0.446400 
1.610462 -0.376230 
-1.524242 -0.075052 
-1.413647 -0.283857 
-1.604108 0.327643 
-1.359327 -0.397538 
-1.522781 -0.223548 
0.933538 -0.985015 
0.999107 -0.740768 
1.704009 0.305919 
1.532560 0.309437 
0.248221 -1.153549 
-1.151205 -1.037719 
1.678971 0.368796 
0.582774 -1.302602 
-1.552495 0.421748 
1.736502 -0.325221 
0.441059 -1.390789 
0.425364 -1.255746 
0.999846 -1.149427 
0.351000 -1.059744 
-1.558570 -0.621606 
1.495222 0.112116 
1.855329 0.308583 
1.655304 -0.163608 
0.973898 -0.720694 
1.516323 0.136885 
-0.490846 -1.323011 
-1.362520 -0.706252 
1.188390 -0.506286 
-1.833831 0.292252 
1.483619 0.089678 
-1.644364 0.042218 
1.734938 0.005983 
-0.071709 -1.145725 
0.885564 -1.091521 
-0.562728 -1.111124 
-1.173416 -1.003662 
-1.046949 -0.885482 
-1.582039 0.403472 
-0.695408 -1.149310 
1.620848 0.313783 
0.390876 -0.976206 
-1.570157 -0.128913 
0.591189 -1.144959 
-0.592797 -0.989156 
1.257389 -0.323024 
0.204260 -1.140960 
-0.545507 -0.935600 
0.276518 -1.259976 
-0.163695 -1.266652 
-0.128213 -1.277051 
-1.699507 0.377884 
0.367088 -1.197400 
0.177216 -1.319876 
0.745414 -1.289083 
-1.428297 -0.463476 
-0.249243 -1.388115 
-1.496772 -0.668367 
1.506344 0.043180 
1.759590 -0.115505 
1.163692 -0.738882 
-0.595100 -1.177703 
1.123914 -1.024692 
-1.653198 0.213666 
-1.761234 0.314593 
-0.502002 -1.341709 
-1.932561 0.415956 
1.887235 0.418285 
-1.482772 0.240608 
0.517963 -1.233806 
-1.580422 -0.058797 
-0.919641 -1.124830 
-1.882813 0.026622 
-1.104609 -0.888977 
-1.688466 -0.060052 
1.368067 -0.739846 
1.003006 -0.724293 
-1.838002 0.298716 
-0.901671 -0.950084 
1.836034 0.442805 
0.600224 -1.191880 
0.343062 -1.339013 
1.623432 0.052311 
0.671299 -1.208277 
-0.367782 -1.131906 
-1.656257 0.257510 
0.176964 -1.329092 
-0.854473 -1.027447 
0.633789 -1.289252 
0.040058 -1.275853 
0.687261 -1.235595 
-0.672704 -0.999315 
1.518582 0.378267 
-0.725332 -0.932865 
-1.857392 -0.009551 
1.267899 -0.606542 
-1.051964 -0.968481 
0.412597 -1.181352 
-0.053130 -1.253200 
-0.989650 -1.069274 
-0.019020 -1.057005 
1.145782 -0.930733 
-0.325181 -1.286227 
-1.276477 -0.351898 
0.517625 -1.168330 
1.363424 -0.130854 
-1.111066 -0.976324 
0.947986 -0.924566 
1.345613 -0.441537 
1.114734 -0.673477 
1.268587 -0.807063 
-0.686612 -1.067251 
-0.689317 -1.229511 
1.267709 -0.954369 
-1.147662 -1.032714 
1.375964 -0.110496 
0.020359 -1.353289 
1.229666 -0.445237 
-0.179206 -1.011471 
-0.736940 -1.297199 
1.489567 0.044817 
1.669129 0.482615 
1.270616 -0.750870 
-1.691756 -0.172820 
1.347185 -0.357851 
1.706350 -0.415041 
1.369302 -0.837626 
1.526110 0.021513 
-0.546508 -1.328265 
0.644769 -1.025766 
0.692303 -1.179223 
1.571925 -0.092938 
1.661731 -0.045705 
-0.648031 -1.339090 
-0.171457 -1.345488 
0.861700 -0.727252 
0.704584 -1.276559 
1.778928 0.268510 
0.983846 -0.658866 
1.255173 -0.608801 
-0.747339 -0.972812 
-0.004776 -1.174667 
-1.357779 -0.713672 
1.145352 -1.024888 
1.246313 -0.435875 
0.632688 -0.983893 
-0.057976 -1.276735 
0.492591 -1.194104 
1.498272 0.012159 
0.976800 -0.856116 
0.369310 -1.249284 
-0.917227 -0.708962 
1.216986 -0.428378 
-0.555554 -1.320841 
-1.816694 0.162469 
-0.504440 -1.174635 
1.634653 -0.264018 
1.471226 -0.772302 
-1.482625 -0.706885 
-1.501725 -0.178579 
-1.009655 -0.920050 
0.084053 -1.153383 
-0.865030 -0.819557 
1.605512 -0.405827 
1.518044 -0.145445 
-0.118803 -1.208088 
1.566315 0.394028 
-1.153836 -0.483021 
-0.805128 -0.908273 
-1.538406 0.302815 
1.537523 -0.028013 
-0.599422 -0.945175 
-1.607160 0.365052 
-1.075524 -0.816604 
-0.226385 -1.153880 
-1.344563 -0.159369 
-1.604045 0.066772 
-1.560104 0.049365 
-0.712352 -1.078537 
1.408949 -0.387948 
0.228238 -1.138326 
0.747851 -1.102999 
1.584778 0.217111 
0.389466 -1.280444 
0.034927 -1.216619 
-1.549978 -0.656656 
-1.612290 -0.088106 
1.615059 0.014668 
-1.403758 -0.309128 
1.559942 0.271914 
-1.554622 0.266840 
-1.092555 -1.060634 
-1.070339 -0.886113 
-1.587538 0.285730 
1.876042 0.472554 
1.023854 -1.145470 
-1.527183 -0.459254 
-1.288442 -0.916618 
-0.320363 -1.235545 
-1.246318 -0.501802 
-0.377402 -1.352894 
-1.764552 0.106364 
-0.436318 -1.188514 
-0.857893 -1.116520 
-1.506366 -0.217122 
1.454029 -0.727474 
1.397250 -0.672889 
0.749412 -1.071564 
1.652923 0.275954 
-0.491053 -1.370310 
0.292066 -1.148019 
1.444990 -0.124445 
-1.681953 0.470642 
-1.535414 0.038090 
0.916780 -1.106302 
0.700021 -1.314597 
-1.524977 -0.408337 
-0.966642 -0.998618 
1.226399 -0.660796 
-0.693499 -0.953119 
-1.305651 -0.724566 
-1.426641 -0.692604 
-1.773233 -0.284198 
1.583210 -0.122671 
-1.634888 -0.363980 
-1.467081 -0.124569 
0.104797 -1.083145 
1.724895 -0.269540 
0.268372 -1.397912 
1.637653 0.187190 
-0.373776 -1.326692 
1.029700 -0.657631 
-1.483126 -0.156666 
1.594151 0.435447 
1.852581 0.119855 
1.621611 0.375010 
-1.377778 -0.207628 
-1.503939 -0.317610 
1.646177 -0.409718 
-1.608897 -0.551500 
-0.963633 -0.698405 
-0.764208 -1.038602 
0.140432 -1.278447 
-1.539027 -0.170905 
1.268493 -0.854075 
1.551668 -0.368535 
-1.519722 0.165887 
1.391131 -0.752342 
-1.424397 -0.454347 
-1.860817 0.270749 
-1.192303 -0.589609 
-1.187883 -0.829428 
1.564155 -0.041668 
1.310510 -0.605872 
1.610297 0.054235 
1.784610 0.286775 
1.036872 -0.741817 
-1.734594 0.280307 
-1.706058 0.434753 
1.303467 -0.286634 
-0.469401 -0.988560 
0.459354 -1.169355 
0.127210 -1.274753 
-1.270056 -0.509620 
0.702803 -1.088151 
-1.551051 0.064954 
1.063331 -0.798523 
-1.649240 -0.527260 
0.919231 -0.687714 
-1.670499 -0.500319 
-0.674859 -1.321560 
0.255189 -1.220293 
1.335649 -0.782748 
-0.238449 -1.106474 
-0.696462 -0.855994 
1.620793 -0.007086 
-0.151703 -1.153751 
-0.271518 -1.390828 
-1.880859 0.463282 
0.860439 -1.023346 
-1.269515 -0.833509 
-1.512343 0.462323 
1.776606 -0.030017 
-0.541758 -1.152214 
-0.062999 -1.264581 
1.256893 -0.411252 
-1.548737 0.422712 
1.543445 0.197331 
1.236616 -0.522349 
-0.358869 -1.242476 
-1.204926 -0.417697 
1.720255 -0.068714 
-0.112979 -1.386775 
-1.671222 -0.256077 
0.825581 -0.791979 
0.994170 -0.681271 
1.261484 -0.362527 
1.237655 -0.866092 
1.786537 -0.175520 
1.423822 -0.543089 
1.489167 0.030028 
0.343782 -1.109865 
1.291170 -0.346455 
1.228681 -0.958649 
1.099025 -0.640040 
1.834984 -0.058480 
-0.319916 -1.115433 
-0.359701 -0.987907 
1.068752 -0.911924 
0.462116 -1.268374 
-1.550566 0.265449 
0.233786 -1.019001 
1.529620 -0.168270 
0.190372 -1.219139 
0.533686 -1.294382 
1.447758 -0.707704 
0.975478 -0.909576 
-1.733203 -0.291177 
1.619614 0.144303 
-0.483132 -1.035534 
0.945348 -0.660929 
1.773498 0.015261 
-0.419028 -1.044798 
1.666570 0.316479 
-1.903997 0.386299 
0.050580 -0.996817 
1.022603 -0.743944 
-1.844881 0.251653 
1.237213 -1.001334 
-1.630756 -0.447792 
0.501808 -0.942344 
-1.520411 0.332060 
1.677955 0.024455 
-1.104739 -1.013351 
-0.839597 -1.001652 
-1.482880 -0.040753 
-1.810091 0.426724 
1.526919 -0.582637 
-1.900846 0.423769 
0.896540 -0.794531 
-1.830969 0.389792 
1.148213 -0.608783 
-1.624731 -0.495661 
1.131628 -1.080645 
0.267999 -1.057474 
1.568226 -0.203089 
0.138012 -1.278920 
1.418642 -0.547262 
-1.699314 -0.042972 
1.629615 0.240814 
-1.764346 0.203023 
-1.345084 -0.583137 
-1.409058 -0.489775 
-1.027870 -0.747609 
-1.715879 0.010572 
0.371456 -1.207953 
1.752973 0.173732 
0.453449 -1.252738 
1.690168 -0.184503 
1.495016 0.168291 
1.661049 -0.489951 
-1.655343 -0.477764 
-0.302643 -1.059104 
1.358984 -0.833097 
0.348361 -1.033930 
-1.477469 0.114063 
1.448646 0.110845 
0.791010 -1.165092 
-1.381254 -0.578527 
0.077056 -1.200966 
0.920569 -0.985449 
-1.502081 0.334961 
-1.260823 -0.908129 
0.348366 -1.409609 
0.113954 -1.017777 
-0.788056 -0.955320 
0.021025 -1.012125 
0.832199 -0.759479 
-0.448072 -1.291261 
-1.595438 0.212593 
0.516289 -1.190194 
1.836705 0.062571 
-1.545384 0.140866 
-1.760616 0.305307 
1.243522 -0.439004 
-1.269499 -0.517073 
1.223788 -0.692922 
0.115449 -1.386014 
0.035924 -1.281696 
-1.404621 -0.641971 
-1.361686 -0.497240 
0.118620 -1.138151 
-0.978348 -1.178318 
-0.411525 -1.060907 
-1.618400 -0.027813 
0.808213 -1.147976 
-1.307903 -0.273373 
1.451671 0.072325 
-0.831137 -1.170106 
0.266452 -1.032405 
-1.205780 -0.489851 
-1.534933 -0.070254 
1.730583 0.145977 
-0.802394 -0.941851 
1.758138 0.018619 
-0.901859 -0.864831 
1.856070 -0.093759 
-1.874531 0.098853 
0.265725 -1.272139 
0.934051 -0.806375 
0.575231 -1.113791 
-1.021965 -0.602724 
0.825207 -1.026447 
1.765668 0.452082 
1.644518 0.198236 
0.839647 -1.190477 
0.319814 -1.380100 
1.108167 -0.642644 
0.050995 -1.261183 
0.473196 -1.212006 
-0.829118 -1.225324 
0.954338 -0.920791 
-0.601818 -1.006114 
0.469287 -1.025814 
1.905961 0.336793 
-1.603176 -0.490389 
1.814563 0.152302 
-0.728628 -1.096278 
1.662478 0.448278 
0.650543 -1.137758 
1.306327 -0.827573 
-1.917548 0.475616 
0.392168 -1.265914 
-1.298859 -0.420360 
-1.823426 0.234731 
-1.781629 0.305117 
1.802787 0.087991 
-0.392080 -0.960689 
-0.789030 -0.785653 
1.494891 0.136503 
1.446398 -0.029607 
1.113252 -0.965785 
1.545938 -0.664795 
1.028567 -0.660039 
-0.181679 -1.437619 
-0.306582 -1.258056 
-0.619524 -1.047283 
-1.385160 -0.116715 
0.777342 -0.914956 
1.616014 0.060751 
