0.894597 0.479090 
0.836626 0.540135 
1.855159 0.982728 
2.410516 1.021271 
2.643185 0.487639 
1.198874 0.756141 
1.788551 1.019807 
2.118463 0.869920 
2.979587 0.582003 
1.946581 1.028924 
0.473964 0.376703 
2.869189 0.648587 
1.977598 1.106632 
1.027137 0.794693 
0.852283 0.756129 
3.136719 -0.023827 
2.515197 0.874031 
2.479713 0.786713 
3.086994 0.205883 
1.986560 1.177823 
2.647549 0.605225 
1.396442 1.051374 
0.668724 0.514575 
2.877444 0.369971 
0.649580 0.222452 
1.817292 1.116186 
0.509432 0.125016 
2.345090 0.832575 
2.868153 0.685312 
2.259986 0.941650 
2.928790 0.547056 
2.333228 0.908721 
1.923042 0.938077 
3.035266 0.065545 
0.566261 -0.048659 
0.485897 0.190118 
1.262141 0.750204 
3.092696 0.264297 
2.051553 0.997196 
1.850955 0.931083 
2.004750 0.911766 
2.170109 0.964672 
2.542225 0.584040 
0.582833 -0.121728 
2.435599 0.737662 
1.308102 0.922031 
1.327404 0.901214 
1.119955 0.766484 
2.856469 0.537574 
0.607898 0.376139 
3.120380 -0.012310 
2.693397 0.584809 
1.887692 1.063596 
1.045992 0.853774 
1.139584 0.762489 
2.971015 0.140830 
0.361632 -0.103219 
1.344226 0.770053 
2.725293 0.592792 
3.090417 0.030273 
0.494546 -0.206699 
2.569734 0.895766 
3.198546 0.098663 
1.551103 0.862322 
0.441627 0.204300 
2.061124 0.867822 
3.270117 -0.019549 
2.398220 0.793057 
3.042072 -0.212608 
1.190391 0.899367 
1.153477 0.976473 
1.668259 1.095768 
2.985372 -0.263359 
3.078182 0.226759 
1.159093 0.821444 
1.029079 0.612224 
2.595748 0.823317 
3.057481 -0.115330 
3.195585 0.217265 
2.531950 0.861128 
2.891162 0.314307 
1.177320 0.719809 
1.086535 0.714320 
2.323202 0.967391 
1.451486 1.050419 
0.720338 0.719253 
0.544052 -0.276873 
2.284107 0.941645 
2.900151 0.547540 
1.971591 0.935572 
2.760501 0.479452 
0.567747 -0.182083 
2.327784 0.788755 
2.847367 0.484803 
2.625238 0.766920 
0.833669 0.392610 
2.529822 0.610584 
1.873389 1.044998 
3.093446 0.174109 
3.103130 -0.214353 
3.075219 0.253807 
0.795046 0.782152 
1.362534 0.926385 
0.915761 0.528311 
0.505287 -0.270632 
2.975319 0.337889 
2.540857 0.729323 
3.155464 -0.175340 
2.055069 1.040722 
2.213653 1.035379 
0.693523 0.299496 
1.108927 0.892651 
0.727225 0.558718 
0.460450 -0.173207 
0.513915 0.240406 
1.119773 0.885964 
2.934702 0.069973 
0.375157 -0.190716 
3.019415 -0.189829 
1.075583 0.717995 
3.036911 0.133687 
2.584178 0.749855 
2.209361 0.823360 
3.160512 0.020990 
3.100720 -0.274876 
0.587925 -0.219753 
1.596237 0.930857 
0.796207 0.462889 
2.088309 0.985077 
0.656344 0.404706 
0.729797 0.651898 
2.819594 0.618371 
1.523861 0.929849 
0.813438 0.499488 
2.598409 0.751378 
0.681082 0.076383 
1.741385 0.932117 
2.197063 0.936770 
3.091652 0.170022 
3.058301 0.399367 
0.334667 -0.250157 
0.787727 0.519306 
3.056859 -0.241483 
0.737512 0.743334 
2.845647 0.368477 
0.712081 0.399883 
1.234775 0.779705 
0.433919 0.152200 
1.008811 0.889493 
1.113124 0.988766 
1.807664 0.934041 
2.606957 0.898282 
2.556625 0.807275 
2.617147 0.576172 
1.927594 0.879820 
3.003196 -0.085140 
1.522712 1.048314 
2.935967 0.258456 
1.449523 1.127167 
1.912534 1.173718 
3.271144 -0.210341 
2.862336 0.202858 
0.537704 0.094801 
3.111041 -0.085626 
1.100086 0.908320 
2.346189 0.754431 
1.194445 0.800082 
1.042943 0.730840 
2.971048 -0.207461 
1.772537 0.858228 
2.954311 0.431861 
3.039359 0.013921 
2.052041 0.912156 
0.708385 0.499492 
0.767175 0.688618 
2.998329 0.090914 
2.997849 0.527987 
3.070997 -0.259158 
2.528742 0.999000 
1.936058 1.050049 
2.813753 0.748004 
2.817559 0.342899 
0.892366 0.605376 
2.921380 0.132071 
0.981989 0.706900 
2.774819 0.550149 
0.407648 -0.059801 
1.457127 0.999635 
1.022645 0.680360 
0.737806 0.531585 
1.760962 0.925746 
0.599614 -0.048371 
0.409283 0.175610 
0.973530 0.918570 
1.141994 0.755274 
1.279425 0.754724 
2.769092 0.321366 
1.746002 0.975604 
3.068994 -0.139536 
1.764458 0.917922 
1.031616 0.880199 
3.115430 -0.246048 
3.176019 -0.235342 
1.324055 0.805667 
3.145178 0.336244 
0.516094 0.013599 
2.976822 0.549354 
2.949605 0.422259 
1.181048 1.007044 
2.468129 0.743707 
1.610168 1.165783 
2.639357 0.942312 
2.193195 0.911847 
1.254659 0.884392 
2.942258 0.522609 
2.678660 0.645778 
2.433767 0.684205 
2.606005 0.768214 
0.338070 -0.161682 
2.165674 0.940389 
1.454535 1.116077 
0.913601 0.573170 
0.441924 0.216290 
2.843781 0.547739 
1.744254 1.104869 
2.450481 0.713141 
2.016748 1.140571 
2.834063 0.208999 
3.185154 0.227714 
1.799943 1.197661 
0.733537 0.290693 
0.550389 0.091737 
0.589887 0.479238 
1.993170 0.838228 
0.929227 0.778333 
2.688633 0.489903 
0.757883 0.293873 
2.790132 0.457715 
2.887556 0.266205 
1.365490 0.986902 
3.284647 -0.201576 
0.337991 0.033076 
2.907768 0.531928 
2.733823 0.543629 
0.634515 0.605639 
2.307051 0.807841 
2.243251 0.858149 
2.753024 0.774896 
3.164613 -0.003183 
0.660140 0.412315 
1.748008 1.163840 
2.953606 -0.122637 
0.584315 0.513653 
1.917023 1.146829 
0.400588 -0.121080 
1.440175 0.797649 
3.273010 -0.152152 
0.806276 0.776914 
3.075592 -0.040451 
2.995226 -0.295745 
3.011753 0.012675 
1.933260 1.054554 
0.626703 -0.189479 
2.657241 0.877100 
3.011646 0.262782 
0.961862 0.682913 
2.565831 0.702980 
3.116297 -0.015251 
2.965320 0.400596 
2.194840 1.091341 
2.831914 0.477595 
3.007922 0.082629 
3.065949 0.321910 
1.876442 0.905413 
0.389024 0.034471 
2.044635 0.916009 
0.570165 0.474987 
2.578628 0.714580 
1.489524 0.982551 
2.697155 0.804273 
0.981532 0.649299 
2.745696 0.611669 
1.100758 0.915991 
1.843897 0.914440 
1.285585 0.934970 
0.459061 -0.167056 
3.065112 0.454074 
3.023184 0.385574 
0.786707 0.753854 
2.898378 0.266352 
2.033233 1.167509 
2.046356 0.959571 
1.038150 0.835998 
0.735270 0.219011 
3.208077 -0.060415 
0.661399 0.195362 
0.882929 0.507855 
2.988368 0.349554 
1.040192 0.828884 
1.055578 0.752358 
0.392923 -0.115525 
2.489902 0.725421 
3.242184 0.037777 
3.249602 -0.074587 
1.194290 0.737197 
2.211160 0.795498 
1.707319 0.885967 
2.578115 0.649427 
0.512640 0.453528 
0.615986 -0.202915 
1.716576 0.906833 
0.849366 0.531738 
2.927586 0.215691 
0.851535 0.375876 
0.657589 -0.121954 
2.599860 0.821026 
1.610616 0.991231 
1.508324 0.859858 
1.087624 0.900721 
2.299208 0.774788 
1.756737 1.003543 
0.661726 0.178577 
2.033050 0.920484 
0.610342 0.099229 
2.617839 0.748437 
3.006676 0.053150 
2.565319 0.783793 
2.205150 0.785016 
2.707997 0.764080 
0.928034 0.744404 
3.087379 0.320171 
1.668675 1.183235 
0.588198 0.193665 
2.550241 0.946301 
2.908209 0.490332 
2.894515 0.329397 
2.235725 1.076516 
2.109366 0.858433 
1.975354 1.083935 
0.393889 -0.254022 
2.544472 0.680395 
1.390240 0.845066 
0.518119 0.251596 
1.157376 0.810814 
0.461850 -0.163064 
1.875692 1.141179 
0.338580 -0.141718 
2.139423 1.016960 
2.721779 0.447631 
2.890210 0.419140 
0.779982 0.670682 
2.697295 0.638198 
2.751256 0.837500 
1.380623 1.118696 
1.770762 1.121578 
3.047971 -0.030271 
0.629114 -0.262579 
2.986092 0.596040 
2.705182 0.827996 
1.009299 0.790149 
2.921020 0.645935 
0.689912 0.660834 
3.120814 0.008876 
2.929028 0.591030 
2.796836 0.721854 
0.534683 0.178280 
1.504018 0.901565 
3.000089 0.382407 
2.378081 0.936452 
0.928696 0.808340 
0.479498 0.277619 
1.869611 1.111386 
2.280822 0.961432 
0.632449 0.555655 
1.359494 0.970224 
1.156911 0.921820 
3.065031 -0.081688 
1.213865 0.876133 
1.806231 0.954180 
1.663000 1.003200 
1.704607 1.168839 
0.467435 -0.197790 
1.490850 1.005885 
0.422939 0.283435 
1.714090 1.042013 
0.643729 0.615792 
2.953743 0.609035 
0.864634 0.435210 
2.992191 -0.229084 
1.737202 1.067869 
0.330354 -0.018603 
2.714618 0.755032 
2.169914 0.971679 
0.642524 0.173999 
1.732914 1.037826 
2.430283 0.699422 
2.601666 0.755928 
3.035965 0.249653 
2.799268 0.555934 
1.971314 0.921093 
3.096314 0.412606 
0.763954 0.507996 
0.477675 0.403654 
2.845965 0.247366 
2.310074 0.894704 
1.517753 1.142572 
3.014569 -0.191204 
2.818969 0.782511 
1.163352 0.994322 
3.004523 0.478370 
0.624992 0.127774 
1.085791 0.994106 
2.875167 0.695326 
2.278078 1.110568 
3.179808 -0.215322 
0.881116 0.574330 
1.702512 0.918606 
1.633228 1.172526 
2.938198 0.475412 
1.021957 0.666266 
0.348480 0.064971 
2.366223 0.822016 
0.567058 0.525934 
2.144187 0.998266 
0.942681 0.611532 
0.335730 -0.178796 
2.662457 0.733025 
2.557223 0.828895 
2.456293 0.946532 
0.728285 0.171581 
2.290559 0.789496 
3.094101 -0.182706 
2.781836 0.357038 
1.419321 0.935873 
1.772669 1.021794 
2.841276 0.592153 
1.375257 0.822491 
1.289883 0.937670 
2.375900 0.718096 
3.102213 -0.103641 
0.875742 0.607040 
1.819587 0.945843 
1.527712 1.018874 
2.371111 0.997778 
2.360144 0.950712 
0.392790 0.152580 
3.228825 -0.006015 
2.736160 0.527624 
2.148338 0.898448 
1.161934 0.874000 
1.213295 1.044319 
0.907865 0.474330 
0.776526 0.440405 
0.840101 0.687966 
2.848792 0.508145 
3.120419 0.088697 
2.968616 0.184322 
2.109867 1.055217 
1.922559 1.139738 
3.067350 0.167251 
2.796779 0.707683 
2.953735 0.397621 
0.371700 0.048438 
1.990964 0.987024 
1.056950 0.861224 
0.414379 0.268009 
2.748205 0.435442 
2.975703 -0.194134 
3.202423 -0.273979 
0.658234 -0.015991 
2.633614 0.826316 
0.579171 0.198947 
0.847194 0.393142 
2.914859 0.627503 
2.632552 0.833775 
1.746069 1.023116 
3.079411 0.482882 
1.828370 1.099487 
3.205866 -0.096120 
2.464328 0.948676 
0.627249 0.507736 
1.115809 0.904754 
2.373231 1.046793 
0.763373 0.566066 
2.873269 0.310935 
0.627729 -0.299064 
2.536310 0.713823 
1.086626 0.818196 
2.171664 1.140993 
1.649530 0.910037 
3.012516 0.191074 
2.847601 0.724072 
2.918505 0.218716 
2.882437 0.280295 
2.987732 -0.228316 
3.108763 0.198164 
1.833366 1.175833 
3.066507 -0.256314 
3.071702 0.306087 
0.883698 0.399786 
