-0.266484 0.574908 
-0.336049 0.648162 
0.886191 1.179274 
1.552619 1.225525 
1.831822 0.585167 
0.098649 0.907369 
0.806261 1.223768 
1.202156 1.043904 
2.235504 0.698404 
0.995897 1.234709 
-0.771243 0.452044 
2.103027 0.778304 
1.033118 1.327958 
-0.107436 0.953632 
-0.317260 0.907355 
2.424063 -0.028592 
1.678236 1.048837 
1.635656 0.944056 
2.364393 0.247060 
1.043872 1.413388 
1.837059 0.726270 
0.335730 1.261649 
-0.537531 0.617490 
2.112933 0.443965 
-0.560504 0.266942 
0.840750 1.339423 
-0.728682 0.150019 
1.474108 0.999090 
2.101784 0.822374 
1.371983 1.129980 
2.174548 0.656467 
1.459874 1.090465 
0.967650 1.125692 
2.302319 0.078654 
-0.660487 -0.058391 
-0.756924 0.228142 
0.174569 0.900245 
2.371235 0.317156 
1.121864 1.196635 
0.881146 1.117300 
1.065700 1.094119 
1.264131 1.157606 
1.710670 0.700848 
-0.640600 -0.146074 
1.582719 0.885194 
0.229722 1.106437 
0.252885 1.081457 
0.003946 0.919781 
2.087763 0.645089 
-0.610522 0.451367 
2.404456 -0.014772 
1.892076 0.701771 
0.925230 1.276315 
-0.084810 1.024529 
0.027501 0.914987 
2.225218 0.168996 
-0.906042 -0.123863 
0.273071 0.924064 
1.930352 0.711350 
2.368500 0.036328 
-0.746545 -0.248039 
1.743681 1.074919 
2.498255 0.118396 
0.521324 1.034786 
-0.810048 0.245160 
1.133349 1.041386 
2.584140 -0.023459 
1.537864 0.951668 
2.310486 -0.255130 
0.088469 1.079240 
0.044172 1.171768 
0.661911 1.314922 
2.242446 -0.316031 
2.353818 0.272111 
0.050912 0.985733 
-0.105105 0.734669 
1.774898 0.987980 
2.328977 -0.138396 
2.494702 0.260718 
1.698340 1.033354 
2.129394 0.377168 
0.072784 0.863771 
-0.036158 0.857184 
1.447842 1.160869 
0.401783 1.260503 
-0.475594 0.863104 
-0.687138 -0.332248 
1.400928 1.129974 
2.140181 0.657048 
1.025909 1.122686 
1.972601 0.575342 
-0.658704 -0.218500 
1.453341 0.946506 
2.076840 0.581764 
1.810286 0.920304 
-0.339597 0.471132 
1.695786 0.732701 
0.908067 1.253998 
2.372135 0.208931 
2.383756 -0.257224 
2.350263 0.304568 
-0.385945 0.938582 
0.295041 1.111662 
-0.241087 0.633973 
-0.733656 -0.324758 
2.230383 0.405467 
1.709028 0.875188 
2.446557 -0.210408 
1.126083 1.248866 
1.316384 1.242455 
-0.507772 0.359395 
-0.009288 1.071181 
-0.467330 0.670462 
-0.787460 -0.207848 
-0.723302 0.288487 
0.003728 1.063157 
2.181642 0.083968 
-0.889812 -0.228859 
2.283298 -0.227795 
-0.049300 0.861594 
2.304293 0.160424 
1.761014 0.899826 
1.311233 0.988032 
2.452614 0.025188 
2.380864 -0.329851 
-0.634490 -0.263704 
0.575484 1.117028 
-0.384552 0.555467 
1.165971 1.182092 
-0.552387 0.485647 
-0.464244 0.782278 
2.043513 0.742045 
0.488633 1.115819 
-0.363874 0.599386 
1.778091 0.901654 
-0.522702 0.091660 
0.749662 1.118540 
1.296476 1.124124 
2.369982 0.204026 
2.329961 0.479240 
-0.938400 -0.300188 
-0.394728 0.623167 
2.328231 -0.289780 
-0.454986 0.892001 
2.074776 0.442172 
-0.485503 0.479860 
0.141730 0.935646 
-0.819297 0.182640 
-0.129427 1.067392 
-0.004251 1.186519 
0.829197 1.120849 
1.788348 1.077938 
1.727950 0.968730 
1.800576 0.691406 
0.973113 1.055784 
2.263835 -0.102168 
0.487254 1.257977 
2.183160 0.310147 
0.399428 1.352600 
0.955041 1.408462 
2.585373 -0.252409 
2.094803 0.243430 
-0.694755 0.113761 
2.393249 -0.102751 
-0.019897 1.089984 
1.475427 0.905317 
0.093334 0.960098 
-0.088468 0.877008 
2.225258 -0.248953 
0.787044 1.029874 
2.205173 0.518233 
2.307231 0.016705 
1.122449 1.094587 
-0.489938 0.599390 
-0.419390 0.826342 
2.257995 0.109097 
2.257419 0.633584 
2.345196 -0.310990 
1.694490 1.198800 
0.983270 1.260059 
2.036504 0.897605 
2.041071 0.411479 
-0.269161 0.726451 
2.165656 0.158485 
-0.161613 0.848280 
1.989783 0.660179 
-0.850822 -0.071761 
0.408552 1.199562 
-0.112826 0.816432 
-0.454633 0.637902 
0.773154 1.110895 
-0.620463 -0.058045 
-0.848860 0.210732 
-0.171764 1.102284 
0.030393 0.906329 
0.195310 0.905669 
1.982910 0.385639 
0.755202 1.170725 
2.342793 -0.167443 
0.777350 1.101506 
-0.102061 1.056239 
2.398516 -0.295258 
2.471223 -0.282410 
0.248866 0.966800 
2.434214 0.403493 
-0.720687 0.016319 
2.232186 0.659225 
2.199526 0.506711 
0.077258 1.208453 
1.621755 0.892448 
0.592202 1.398940 
1.827228 1.130774 
1.291834 1.094216 
0.165591 1.061270 
2.190710 0.627131 
1.874392 0.774934 
1.580520 0.821046 
1.787206 0.921857 
-0.934316 -0.194018 
1.258809 1.128467 
0.405442 1.339292 
-0.243679 0.687804 
-0.809691 0.259548 
2.072537 0.657287 
0.753105 1.325843 
1.600577 0.855769 
1.080098 1.368685 
2.060876 0.250799 
2.482185 0.273257 
0.819932 1.437193 
-0.459756 0.348832 
-0.679533 0.110084 
-0.632136 0.575086 
1.051804 1.005874 
-0.224928 0.934000 
1.886360 0.587884 
-0.430540 0.352648 
2.008158 0.549258 
2.125067 0.319446 
0.298588 1.184282 
2.601576 -0.241891 
-0.934411 0.039691 
2.149322 0.638314 
1.940588 0.652355 
-0.578582 0.726767 
1.428461 0.969409 
1.351901 1.029779 
1.963629 0.929875 
2.457536 -0.003820 
-0.547832 0.494778 
0.757610 1.396608 
2.204327 -0.147164 
-0.638822 0.616384 
0.960428 1.376195 
-0.859294 -0.145296 
0.388210 0.957179 
2.587612 -0.182582 
-0.372469 0.932297 
2.350710 -0.048541 
2.254271 -0.354894 
2.274104 0.015210 
0.979912 1.265465 
-0.587956 -0.227375 
1.848689 1.052520 
2.273975 0.315338 
-0.185766 0.819496 
1.738997 0.843576 
2.399556 -0.018301 
2.218384 0.480715 
1.293808 1.309609 
2.058297 0.573114 
2.269506 0.099155 
2.339139 0.386292 
0.911730 1.086496 
-0.873171 0.041365 
1.113562 1.099211 
-0.655802 0.569984 
1.754354 0.857496 
0.447429 1.179061 
1.896586 0.965128 
-0.162162 0.779159 
1.954835 0.734003 
-0.019090 1.099189 
0.872676 1.097328 
0.202702 1.121964 
-0.789127 -0.200467 
2.338134 0.544889 
2.287821 0.462689 
-0.395952 0.904625 
2.138054 0.319622 
1.099880 1.401011 
1.115627 1.151485 
-0.094220 1.003198 
-0.457676 0.262813 
2.509692 -0.072498 
-0.546321 0.234434 
-0.280485 0.609426 
2.246042 0.419465 
-0.091770 0.994661 
-0.073306 0.902830 
-0.868492 -0.138630 
1.647882 0.870505 
2.550621 0.045332 
2.559522 -0.089504 
0.093148 0.884636 
1.313392 0.954598 
0.708783 1.063160 
1.753738 0.779312 
-0.724832 0.544234 
-0.600817 -0.243498 
0.719891 1.088200 
-0.320761 0.638086 
2.173103 0.258829 
-0.318158 0.451051 
-0.550893 -0.146345 
1.779832 0.985231 
0.592739 1.189477 
0.469989 1.031830 
-0.034851 1.080865 
1.419050 0.929746 
0.768084 1.204252 
-0.545929 0.214292 
1.099660 1.104581 
-0.607590 0.119075 
1.801407 0.898124 
2.268011 0.063780 
1.738383 0.940552 
1.306180 0.942019 
1.909596 0.916896 
-0.226359 0.893285 
2.364855 0.384205 
0.662410 1.419882 
-0.634162 0.232398 
1.720289 1.135561 
2.149851 0.588398 
2.133418 0.395276 
1.342870 1.291819 
1.191239 1.030120 
1.030425 1.300722 
-0.867333 -0.304826 
1.713366 0.816474 
0.328288 1.014079 
-0.718257 0.301915 
0.048851 0.972977 
-0.785780 -0.195677 
0.910830 1.369415 
-0.933704 -0.170062 
1.227308 1.220352 
1.926135 0.537157 
2.128252 0.502968 
-0.404022 0.804818 
1.896754 0.765838 
1.961507 1.005000 
0.316748 1.342435 
0.784914 1.345894 
2.317565 -0.036325 
-0.585063 -0.315095 
2.243310 0.715248 
1.906218 0.993595 
-0.128841 0.948179 
2.165224 0.775122 
-0.512106 0.793001 
2.404977 0.010651 
2.174834 0.709236 
2.016203 0.866225 
-0.698380 0.213936 
0.464822 1.081878 
2.260107 0.458888 
1.513697 1.123742 
-0.225565 0.970008 
-0.764602 0.333143 
0.903533 1.333663 
1.396986 1.153718 
-0.581061 0.666786 
0.291393 1.164269 
0.048293 1.106184 
2.338037 -0.098026 
0.116638 1.051360 
0.827477 1.145016 
0.655600 1.203840 
0.705528 1.402607 
-0.779078 -0.237348 
0.449020 1.207062 
-0.832473 0.340122 
0.716908 1.250416 
-0.567525 0.738950 
2.204492 0.730842 
-0.302439 0.522252 
2.250629 -0.274901 
0.744642 1.281443 
-0.943575 -0.022324 
1.917542 0.906038 
1.263897 1.166015 
-0.568971 0.208799 
0.739497 1.245391 
1.576340 0.839306 
1.781999 0.907114 
2.303158 0.299584 
2.019122 0.667121 
1.025577 1.105312 
2.375577 0.495127 
-0.423255 0.609595 
-0.766790 0.484385 
2.075158 0.296839 
1.432089 1.073645 
0.481304 1.371086 
2.277483 -0.229445 
2.042763 0.939013 
0.056022 1.193186 
2.265428 0.574044 
-0.590010 0.153329 
-0.037051 1.192927 
2.110200 0.834391 
1.393694 1.332682 
2.475770 -0.258386 
-0.282661 0.689196 
0.703014 1.102327 
0.619874 1.407031 
2.185838 0.570494 
-0.113652 0.799519 
-0.921824 0.077965 
1.499468 0.986419 
-0.659530 0.631121 
1.233024 1.197919 
-0.208783 0.733838 
-0.937124 -0.214555 
1.854948 0.879630 
1.728668 0.994674 
1.607552 1.135838 
-0.466058 0.205897 
1.408671 0.947395 
2.372921 -0.219247 
1.998203 0.428446 
0.363185 1.123048 
0.787203 1.226153 
2.069531 0.710584 
0.310308 0.986989 
0.207860 1.125204 
1.511080 0.861715 
2.382656 -0.124369 
-0.289110 0.728448 
0.843504 1.135012 
0.493254 1.222649 
1.505333 1.197334 
1.492173 1.140854 
-0.868652 0.183096 
2.534590 -0.007218 
1.943392 0.633149 
1.238006 1.078138 
0.054321 1.048800 
0.115954 1.253183 
-0.250562 0.569196 
-0.408169 0.528486 
-0.331879 0.825559 
2.078550 0.609774 
2.404503 0.106436 
2.222339 0.221186 
1.191840 1.266260 
0.967071 1.367686 
2.340820 0.200701 
2.016135 0.849220 
2.204482 0.477145 
-0.893960 0.058126 
1.049157 1.184429 
-0.071660 1.033469 
-0.842745 0.321611 
1.957846 0.522530 
2.230844 -0.232961 
2.502908 -0.328775 
-0.550119 -0.019189 
1.820337 0.991579 
-0.644995 0.238736 
-0.323367 0.471770 
2.157831 0.753004 
1.819062 1.000530 
0.755283 1.227739 
2.355293 0.579458 
0.854044 1.319384 
2.507039 -0.115344 
1.617194 1.138411 
-0.587301 0.609283 
-0.001029 1.085705 
1.507877 1.256152 
-0.423952 0.679279 
2.107923 0.373122 
-0.586725 -0.358877 
1.703572 0.856588 
-0.036049 0.981835 
1.265997 1.369192 
0.639436 1.092044 
2.275019 0.229289 
2.077121 0.868886 
2.162206 0.262459 
2.118924 0.336354 
2.245278 -0.273979 
2.390516 0.237797 
0.860039 1.411000 
2.339808 -0.307577 
2.346042 0.367304 
-0.279562 0.479743 
