1.122014 -0.530660 
-1.806218 -1.231862 
0.754270 -1.198166 
0.676215 -0.831534 
0.708328 -1.037971 
0.955767 -0.343351 
-1.718658 -1.303704 
-2.086257 -0.358822 
1.157907 -0.015260 
-2.057439 -0.655606 
-0.068407 -1.464677 
-0.567937 -1.767457 
0.888406 -0.368918 
-1.598899 -1.010651 
-1.120326 -1.444781 
-1.047259 -1.456294 
0.921981 -1.084018 
-1.940592 -0.539344 
-1.009876 -1.711736 
0.117402 -1.312916 
-0.492130 -1.591225 
-1.945762 -0.600454 
0.015574 -1.450831 
-1.841776 -0.620874 
-1.450819 -1.369182 
-0.992359 -1.531649 
-0.900030 -1.504205 
-1.473662 -1.513150 
-0.770247 -1.753432 
-0.160564 -1.653679 
1.128023 -0.206071 
-1.295679 -1.504852 
1.014489 -0.497152 
-2.153365 -0.053377 
1.159463 -0.200027 
-0.202856 -1.384034 
0.943388 -0.710897 
-0.867342 -1.492394 
-0.893278 -1.454362 
-1.352736 -1.148658 
-1.512337 -1.244652 
0.725276 -1.055401 
0.756780 -0.975211 
-0.534333 -1.442275 
-0.377254 -1.645471 
-0.233253 -1.585471 
-1.604728 -1.269768 
-0.356942 -1.645435 
0.937470 -0.922897 
1.040072 -0.873600 
0.986580 -0.808828 
-1.906993 -0.530818 
-1.804905 -0.723560 
-1.980715 -0.159098 
-1.754763 -0.828497 
-1.905644 -0.667890 
0.361727 -1.370783 
0.422253 -1.145324 
1.072931 -0.179152 
0.914670 -0.175904 
-0.270873 -1.526353 
-1.562650 -1.419433 
1.049819 -0.121111 
0.037946 -1.663940 
-1.933072 -0.072233 
1.102925 -0.761742 
-0.092869 -1.745344 
-0.107356 -1.620689 
0.422934 -1.522548 
-0.176000 -1.439764 
-1.938680 -1.035329 
0.880205 -0.358046 
1.212611 -0.176693 
1.027973 -0.612562 
0.398982 -1.126794 
0.899682 -0.335183 
-0.953089 -1.682779 
-1.757710 -1.113463 
0.596975 -0.928879 
-2.192767 -0.191767 
0.869494 -0.378758 
-2.017874 -0.422568 
1.101482 -0.456016 
-0.566193 -1.519130 
0.317444 -1.469096 
-1.019442 -1.487191 
-1.583154 -1.387996 
-1.466414 -1.278906 
-1.960344 -0.089102 
-1.141915 -1.522440 
0.996167 -0.171893 
-0.139191 -1.362652 
-1.949376 -0.580535 
0.045713 -1.518424 
-1.047198 -1.374606 
0.660666 -0.759714 
-0.311452 -1.514732 
-1.003545 -1.325170 
-0.244753 -1.624594 
-0.651103 -1.630756 
-0.618350 -1.640354 
-2.068776 -0.112722 
-0.161150 -1.566830 
-0.336416 -1.679886 
0.188074 -1.651462 
-1.818428 -0.889362 
-0.730070 -1.742875 
-1.881636 -1.078493 
0.890471 -0.421680 
1.124237 -0.568158 
0.574178 -1.143583 
-1.049323 -1.548649 
0.537459 -1.407408 
-2.026029 -0.264308 
-2.125754 -0.171145 
-0.963386 -1.700039 
-2.283902 -0.077579 
1.242063 -0.075430 
-1.868713 -0.239438 
-0.021880 -1.600436 
-1.958851 -0.515813 
-1.348899 -1.499843 
-2.237982 -0.436964 
-1.519639 -1.282133 
-2.058584 -0.516971 
0.762831 -1.144474 
0.425852 -1.130117 
-2.196618 -0.185801 
-1.332312 -1.338539 
1.194801 -0.052795 
0.054053 -1.561735 
-0.183327 -1.697550 
0.998553 -0.413251 
0.119661 -1.576871 
-0.839491 -1.506374 
-2.028853 -0.223837 
-0.336649 -1.688393 
-1.288744 -1.409951 
0.085036 -1.651618 
-0.463023 -1.639249 
0.134394 -1.602088 
-1.120958 -1.383983 
0.901768 -0.112369 
-1.169538 -1.322645 
-2.214516 -0.470354 
0.670368 -1.021423 
-1.471044 -1.355521 
-0.119142 -1.552018 
-0.549043 -1.618338 
-1.413523 -1.448561 
-0.517557 -1.437235 
0.557645 -1.320677 
-0.800167 -1.648825 
-1.678286 -0.786367 
-0.022192 -1.539997 
0.758546 -0.582326 
-1.525599 -1.362761 
0.375064 -1.314984 
0.742104 -0.869111 
0.528986 -1.083210 
0.671003 -1.206520 
-1.133796 -1.446694 
-1.136293 -1.596472 
0.670193 -1.342494 
-1.559380 -1.414813 
0.770121 -0.563534 
-0.481207 -1.710728 
0.635076 -0.872526 
-0.665421 -1.395204 
-1.180252 -1.658953 
0.874985 -0.420169 
1.040734 -0.016048 
0.672876 -1.154650 
-2.061621 -0.621065 
0.743555 -0.791862 
1.075092 -0.844654 
0.763971 -1.234732 
0.908717 -0.441680 
-1.004469 -1.687630 
0.095171 -1.408399 
0.139049 -1.550052 
0.951008 -0.547327 
1.033906 -0.503728 
-1.098182 -1.697622 
-0.658268 -1.703527 
0.295415 -1.132848 
0.150386 -1.639901 
1.142087 -0.213683 
0.408166 -1.069722 
0.658622 -1.023509 
-1.189851 -1.359518 
-0.504409 -1.545846 
-1.753334 -1.120313 
0.557248 -1.407589 
0.650442 -0.863885 
0.084020 -1.369747 
-0.553516 -1.640063 
-0.045301 -1.563788 
0.883020 -0.450314 
0.401662 -1.251799 
-0.159098 -1.614724 
-1.346671 -1.115965 
0.623372 -0.856964 
-1.012819 -1.680776 
-2.176948 -0.311567 
-0.965637 -1.545817 
1.008910 -0.705247 
0.858054 -1.174433 
-1.868577 -1.114048 
-1.886208 -0.626381 
-1.431990 -1.310815 
-0.422413 -1.526200 
-1.298490 -1.218053 
0.982011 -0.836148 
0.901271 -0.595795 
-0.609664 -1.576697 
0.945830 -0.097820 
-1.565079 -0.907404 
-1.243195 -1.299944 
-1.920067 -0.182017 
0.919252 -0.487397 
-1.053313 -1.334008 
-1.983532 -0.124567 
-1.492791 -1.215326 
-0.708970 -1.526658 
-1.741135 -0.608648 
-1.980657 -0.399902 
-1.940096 -0.415970 
-1.157556 -1.457111 
0.800568 -0.819644 
-0.289318 -1.512301 
0.190324 -1.479691 
0.962872 -0.261128 
-0.140493 -1.643486 
-0.467760 -1.584571 
-1.930749 -1.067682 
-1.988268 -0.542867 
0.990824 -0.447998 
-1.795777 -0.746887 
0.939946 -0.210541 
-1.935036 -0.215225 
-1.508512 -1.440586 
-1.488006 -1.279489 
-1.965420 -0.197788 
1.231731 -0.025334 
0.445096 -1.518895 
-1.909707 -0.885466 
-1.689331 -1.307647 
-0.795720 -1.602042 
-1.650447 -0.924740 
-0.848371 -1.710364 
-2.128818 -0.363356 
-0.902755 -1.558628 
-1.291902 -1.492172 
-1.890492 -0.661958 
0.842181 -1.133053 
0.789770 -1.082666 
0.191765 -1.450674 
1.025775 -0.206812 
-0.953280 -1.726440 
-0.230401 -1.521248 
0.833837 -0.576410 
-2.052572 -0.027100 
-1.917306 -0.426378 
0.346258 -1.482740 
0.146174 -1.675013 
-1.907671 -0.838465 
-1.392285 -1.383340 
0.632061 -1.071504 
-1.140153 -1.341341 
-1.705216 -1.130369 
-1.816899 -1.100866 
-2.136830 -0.723875 
0.961425 -0.574774 
-2.009127 -0.797520 
-1.854229 -0.576526 
-0.403264 -1.461365 
1.092210 -0.710345 
-0.252272 -1.751918 
1.011680 -0.288748 
-0.845024 -1.686178 
0.450492 -1.068582 
-1.869039 -0.606154 
0.971524 -0.059587 
1.210074 -0.350903 
0.996872 -0.115375 
-1.771795 -0.653195 
-1.888251 -0.754717 
1.019548 -0.839740 
-1.985136 -0.970615 
-1.389507 -1.106220 
-1.205422 -1.420248 
-0.370370 -1.641643 
-1.920640 -0.619297 
0.670917 -1.249915 
0.932309 -0.801725 
-1.902820 -0.308412 
0.784121 -1.156008 
-1.814828 -0.880936 
-2.217678 -0.211616 
-1.600587 -1.005793 
-1.596507 -1.227164 
0.943835 -0.500002 
0.709702 -1.020805 
0.986428 -0.411475 
1.147332 -0.196823 
0.457113 -1.146293 
-2.101164 -0.202794 
-2.074822 -0.060228 
0.703200 -0.726124 
-0.933294 -1.374055 
-0.075981 -1.540943 
-0.382575 -1.638234 
-1.672359 -0.931957 
0.148742 -1.465986 
-1.931739 -0.401581 
0.481536 -1.198637 
-2.022375 -0.948240 
0.348521 -1.096351 
-2.041999 -0.923371 
-1.122946 -1.681440 
-0.264441 -1.587962 
0.732906 -1.184075 
-0.720106 -1.482899 
-1.142888 -1.251686 
0.996117 -0.468079 
-0.640034 -1.526539 
-0.750632 -1.745380 
-2.236178 -0.033894 
0.294251 -1.406166 
-1.671860 -1.230931 
-1.896009 -0.034778 
1.139944 -0.489246 
-1.000084 -1.525121 
-0.558153 -1.628844 
0.660209 -0.841156 
-1.929603 -0.071342 
0.924718 -0.279386 
0.641492 -0.943706 
-0.831264 -1.608439 
-1.612239 -0.847105 
1.087928 -0.524966 
-0.604288 -1.741638 
-2.042666 -0.697918 
0.262074 -1.192596 
0.417695 -1.090404 
0.664446 -0.796178 
0.642450 -1.261008 
1.149111 -0.623557 
0.814298 -0.962851 
0.874616 -0.433820 
-0.182662 -1.486030 
0.691850 -0.781343 
0.634167 -1.346446 
0.514485 -1.052345 
1.193831 -0.515520 
-0.795307 -1.491169 
-0.832032 -1.373453 
0.486540 -1.303314 
-0.073431 -1.632346 
-1.931292 -0.216509 
-0.284198 -1.402154 
0.911957 -0.616865 
-0.324272 -1.586898 
-0.007366 -1.656353 
0.836392 -1.114804 
0.400442 -1.301147 
-2.099880 -0.730318 
0.995028 -0.328336 
-0.945968 -1.417416 
0.372629 -1.071626 
1.137075 -0.447451 
-0.886795 -1.425967 
1.038372 -0.169404 
-2.257536 -0.104954 
-0.453310 -1.381678 
0.443942 -1.148256 
-2.202967 -0.229243 
0.642042 -1.385846 
-2.005314 -0.874885 
-0.036793 -1.331394 
-1.903456 -0.155022 
1.048882 -0.438965 
-1.519759 -1.396939 
-1.275013 -1.386140 
-1.868812 -0.499157 
-2.170854 -0.067639 
0.909464 -0.999358 
-2.254627 -0.070367 
0.327575 -1.194952 
-2.190126 -0.101730 
0.559889 -1.023492 
-1.999752 -0.919072 
0.544580 -1.459057 
-0.252616 -1.437668 
0.947594 -0.649006 
-0.372604 -1.642080 
0.809516 -0.966703 
-2.068598 -0.501205 
1.004260 -0.239249 
-2.128627 -0.274133 
-1.741616 -0.999818 
-1.800669 -0.913638 
-1.448803 -1.151639 
-2.083888 -0.451780 
-0.157118 -1.576572 
1.118129 -0.301170 
-0.081432 -1.617912 
1.060155 -0.631849 
0.880014 -0.306193 
1.033276 -0.913801 
-2.028009 -0.902551 
-0.779362 -1.439173 
0.754446 -1.230551 
-0.178436 -1.415935 
-1.863818 -0.356250 
0.837212 -0.359220 
0.230163 -1.537008 
-1.775004 -0.995563 
-0.428871 -1.570122 
0.349756 -1.371184 
-1.886536 -0.152344 
-1.663837 -1.299811 
-0.178431 -1.762716 
-0.394812 -1.401025 
-1.227436 -1.343372 
-0.480592 -1.395808 
0.268184 -1.162596 
-0.913605 -1.653472 
-1.972712 -0.265298 
-0.023426 -1.560179 
1.195420 -0.403781 
-1.926508 -0.331508 
-2.125184 -0.179717 
0.647866 -0.866773 
-1.671846 -0.938837 
0.629650 -1.101158 
-0.393432 -1.740936 
-0.466839 -1.644642 
-1.796574 -1.054127 
-1.756941 -0.920530 
-0.390505 -1.512139 
-1.403090 -1.549217 
-0.879870 -1.440838 
-1.993908 -0.487212 
0.246042 -1.521209 
-1.707295 -0.713882 
0.840004 -0.394777 
-1.267203 -1.541636 
-0.254044 -1.414528 
-1.613028 -0.913709 
-1.916862 -0.526388 
1.097462 -0.326790 
-1.240671 -1.330939 
1.122897 -0.444352 
-1.332486 -1.259844 
1.213295 -0.548086 
-2.230336 -0.370290 
-0.254715 -1.635821 
0.362201 -1.205885 
0.030982 -1.489654 
-1.443352 -1.017899 
0.261730 -1.409028 
1.129847 -0.044232 
1.018017 -0.278551 
0.275058 -1.560440 
-0.204787 -1.735477 
0.522923 -1.054748 
-0.452928 -1.625707 
-0.063204 -1.580314 
-1.265340 -1.592606 
0.380927 -1.311499 
-1.055524 -1.390259 
-0.066812 -1.408444 
1.259349 -0.150653 
-1.979854 -0.914206 
1.174982 -0.320952 
-1.172580 -1.473487 
1.034595 -0.047743 
0.100502 -1.511777 
0.705840 -1.225452 
-2.270044 -0.022508 
-0.137998 -1.630074 
-1.698946 -0.849563 
-2.183162 -0.244864 
-2.144581 -0.179892 
1.164111 -0.380316 
-0.861920 -1.348328 
-1.228335 -1.186757 
0.879899 -0.335536 
0.835137 -0.488868 
0.527618 -1.353032 
0.927020 -1.075195 
0.449446 -1.070806 
-0.667704 -1.788571 
-0.782998 -1.622821 
-1.071868 -1.428262 
-1.778610 -0.569275 
0.217546 -1.306114 
0.991706 -0.405461 
